44 79 2
==================
0
1
2
3
4
5
6
7
8
9
10
11
12
13
14
15
16
17
18
19
20
21
22
23
24
25
26
27
28
29
30
31
32
33
34
35
36
37
38
39
40
41
42
43
==================
(3 -> 2) 0 0 1 1
==================
(2 -> 3) 0 1 0 1
==================
(4 -> 2) 0 1 0 1
(4 -> 2) 1 0 0 1
==================
(2 -> 4) 0 1 0 1
==================
(4 -> 3) 0 1 0 1
(4 -> 3) 1 0 0 1
==================
(3 -> 4) 0 0 1 1
==================
(7 -> 5) 0 1 0 1
(7 -> 5) 1 0 1 1
==================
(5 -> 7) 0 1 1 1
==================
(1 -> 0) 2 0 1 1
==================
(0 -> 1) 0 1 1 1
(0 -> 1) 2 0 0 1
==================
(6 -> 5) 0 0 0 1
==================
(5 -> 6) 0 1 1 1
==================
(8 -> 7) 0 0 1 1
==================
(7 -> 8) 0 1 0 1
(7 -> 8) 1 0 1 1
==================
(8 -> 6) 0 0 1 1
==================
(6 -> 8) 0 0 0 1
==================
(6 -> 4) 0 0 0 1
==================
(4 -> 6) 0 1 0 1
(4 -> 6) 1 0 0 1
==================
(5 -> 4) 0 1 1 1
==================
(4 -> 5) 0 1 0 1
(4 -> 5) 1 0 0 1
==================
(2 -> 0) 0 1 0 1
==================
(0 -> 2) 0 1 1 1
(0 -> 2) 2 0 0 1
==================
(2 -> 1) 0 1 0 1
==================
(1 -> 2) 2 0 1 1
==================
(3 -> 1) 0 0 1 1
==================
(1 -> 3) 2 0 1 1
==================
(5 -> 3) 0 1 1 1
==================
(3 -> 5) 0 0 1 1
==================
(7 -> 6) 0 1 0 1
(7 -> 6) 1 0 1 1
==================
(6 -> 7) 0 0 0 1
==================
(10 -> 9) 1 0 1 1
(10 -> 9) 0 1 1 1
==================
(9 -> 10) 0 0 0 1
(9 -> 10) 0 0 1 1
(9 -> 10) 2 1 1 1
==================
(10 -> 8) 1 0 1 1
(10 -> 8) 0 1 1 1
==================
(8 -> 10) 0 0 1 1
==================
(9 -> 8) 0 0 0 1
(9 -> 8) 0 0 1 1
(9 -> 8) 2 1 1 1
==================
(8 -> 9) 0 0 1 1
==================
(9 -> 7) 0 0 0 1
(9 -> 7) 0 0 1 1
(9 -> 7) 2 1 1 1
==================
(7 -> 9) 0 1 0 1
(7 -> 9) 1 0 1 1
==================
(11 -> 9) 2 0 0 1
==================
(9 -> 11) 0 0 0 1
(9 -> 11) 0 0 1 1
(9 -> 11) 2 1 1 1
==================
(11 -> 10) 2 0 0 1
==================
(10 -> 11) 1 0 1 1
(10 -> 11) 0 1 1 1
==================
(12 -> 10) 1 1 0 1
(12 -> 10) 2 1 0 1
(12 -> 10) 2 1 1 1
==================
(10 -> 12) 1 0 1 1
(10 -> 12) 0 1 1 1
==================
(12 -> 11) 1 1 0 1
(12 -> 11) 2 1 0 1
(12 -> 11) 2 1 1 1
==================
(11 -> 12) 2 0 0 1
==================
(13 -> 11) 0 0 0 1
(13 -> 11) 1 1 0 1
==================
(11 -> 13) 2 0 0 1
==================
(13 -> 12) 0 0 0 1
(13 -> 12) 1 1 0 1
==================
(12 -> 13) 1 1 0 1
(12 -> 13) 2 1 0 1
(12 -> 13) 2 1 1 1
==================
(14 -> 13) 0 0 1 1
(14 -> 13) 2 0 1 1
(14 -> 13) 0 1 1 1
==================
(13 -> 14) 0 0 0 1
(13 -> 14) 1 1 0 1
==================
(15 -> 14) 1 0 0 1
==================
(14 -> 15) 0 0 1 1
(14 -> 15) 2 0 1 1
(14 -> 15) 0 1 1 1
==================
(16 -> 15) 1 1 0 1
(16 -> 15) 2 1 0 1
==================
(15 -> 16) 1 0 0 1
==================
(17 -> 16) 0 0 0 1
(17 -> 16) 0 0 1 1
==================
(16 -> 17) 1 1 0 1
(16 -> 17) 2 1 0 1
==================
(18 -> 16) 1 0 1 1
==================
(16 -> 18) 1 1 0 1
(16 -> 18) 2 1 0 1
==================
(18 -> 17) 1 0 1 1
==================
(17 -> 18) 0 0 0 1
(17 -> 18) 0 0 1 1
==================
(19 -> 17) 0 1 0 1
(19 -> 17) 2 0 1 1
(19 -> 17) 2 1 0 1
(19 -> 17) 0 1 1 1
(19 -> 17) 2 1 1 1
==================
(17 -> 19) 0 0 0 1
(17 -> 19) 0 0 1 1
==================
(19 -> 18) 0 1 0 1
(19 -> 18) 2 0 1 1
(19 -> 18) 2 1 0 1
(19 -> 18) 0 1 1 1
(19 -> 18) 2 1 1 1
==================
(18 -> 19) 1 0 1 1
==================
(20 -> 18) 0 0 0 1
(20 -> 18) 2 0 0 1
==================
(18 -> 20) 1 0 1 1
==================
(20 -> 19) 0 0 0 1
(20 -> 19) 2 0 0 1
==================
(19 -> 20) 0 1 0 1
(19 -> 20) 2 0 1 1
(19 -> 20) 2 1 0 1
(19 -> 20) 0 1 1 1
(19 -> 20) 2 1 1 1
==================
(22 -> 21) 1 1 0 1
(22 -> 21) 1 1 1 1
==================
(21 -> 22) 0 0 1 1
(21 -> 22) 2 0 1 1
(21 -> 22) 1 1 1 1
==================
(23 -> 21) 1 1 0 1
(23 -> 21) 2 1 1 1
==================
(21 -> 23) 0 0 1 1
(21 -> 23) 2 0 1 1
(21 -> 23) 1 1 1 1
==================
(23 -> 22) 1 1 0 1
(23 -> 22) 2 1 1 1
==================
(22 -> 23) 1 1 0 1
(22 -> 23) 1 1 1 1
==================
(24 -> 22) 1 0 1 1
(24 -> 22) 2 0 0 1
(24 -> 22) 1 1 1 1
==================
(22 -> 24) 1 1 0 1
(22 -> 24) 1 1 1 1
==================
(24 -> 23) 1 0 1 1
(24 -> 23) 2 0 0 1
(24 -> 23) 1 1 1 1
==================
(23 -> 24) 1 1 0 1
(23 -> 24) 2 1 1 1
==================
(25 -> 23) 0 0 0 1
(25 -> 23) 2 1 0 1
(25 -> 23) 1 1 1 1
==================
(23 -> 25) 1 1 0 1
(23 -> 25) 2 1 1 1
==================
(25 -> 24) 0 0 0 1
(25 -> 24) 2 1 0 1
(25 -> 24) 1 1 1 1
==================
(24 -> 25) 1 0 1 1
(24 -> 25) 2 0 0 1
(24 -> 25) 1 1 1 1
==================
(26 -> 24) 0 0 1 1
(26 -> 24) 2 0 1 1
(26 -> 24) 1 1 1 1
==================
(24 -> 26) 1 0 1 1
(24 -> 26) 2 0 0 1
(24 -> 26) 1 1 1 1
==================
(26 -> 25) 0 0 1 1
(26 -> 25) 2 0 1 1
(26 -> 25) 1 1 1 1
==================
(25 -> 26) 0 0 0 1
(25 -> 26) 2 1 0 1
(25 -> 26) 1 1 1 1
==================
(27 -> 25) 0 0 1 1
==================
(25 -> 27) 0 0 0 1
(25 -> 27) 2 1 0 1
(25 -> 27) 1 1 1 1
==================
(27 -> 26) 0 0 1 1
==================
(26 -> 27) 0 0 1 1
(26 -> 27) 2 0 1 1
(26 -> 27) 1 1 1 1
==================
(28 -> 26) 2 1 0 1
(28 -> 26) 1 1 1 1
==================
(26 -> 28) 0 0 1 1
(26 -> 28) 2 0 1 1
(26 -> 28) 1 1 1 1
==================
(28 -> 27) 2 1 0 1
(28 -> 27) 1 1 1 1
==================
(27 -> 28) 0 0 1 1
==================
(29 -> 27) 0 0 0 1
(29 -> 27) 1 1 0 1
==================
(27 -> 29) 0 0 1 1
==================
(29 -> 28) 0 0 0 1
(29 -> 28) 1 1 0 1
==================
(28 -> 29) 2 1 0 1
(28 -> 29) 1 1 1 1
==================
(30 -> 28) 0 1 0 1
(30 -> 28) 1 0 1 1
(30 -> 28) 1 1 0 1
(30 -> 28) 1 0 0 1
(30 -> 28) 2 0 0 1
==================
(28 -> 30) 2 1 0 1
(28 -> 30) 1 1 1 1
==================
(30 -> 29) 0 1 0 1
(30 -> 29) 1 0 1 1
(30 -> 29) 1 1 0 1
(30 -> 29) 1 0 0 1
(30 -> 29) 2 0 0 1
==================
(29 -> 30) 0 0 0 1
(29 -> 30) 1 1 0 1
==================
(31 -> 29) 2 0 0 1
==================
(29 -> 31) 0 0 0 1
(29 -> 31) 1 1 0 1
==================
(31 -> 30) 2 0 0 1
==================
(30 -> 31) 0 1 0 1
(30 -> 31) 1 0 1 1
(30 -> 31) 1 1 0 1
(30 -> 31) 1 0 0 1
(30 -> 31) 2 0 0 1
==================
(32 -> 30) 0 0 0 1
(32 -> 30) 0 0 1 1
(32 -> 30) 0 1 0 1
(32 -> 30) 2 1 0 1
(32 -> 30) 0 1 1 1
(32 -> 30) 1 0 0 1
(32 -> 30) 2 1 1 1
==================
(30 -> 32) 0 1 0 1
(30 -> 32) 1 0 1 1
(30 -> 32) 1 1 0 1
(30 -> 32) 1 0 0 1
(30 -> 32) 2 0 0 1
==================
(32 -> 31) 0 0 0 1
(32 -> 31) 0 0 1 1
(32 -> 31) 0 1 0 1
(32 -> 31) 2 1 0 1
(32 -> 31) 0 1 1 1
(32 -> 31) 1 0 0 1
(32 -> 31) 2 1 1 1
==================
(31 -> 32) 2 0 0 1
==================
(33 -> 0) 1 1 1 1
==================
(0 -> 33) 0 1 1 1
(0 -> 33) 2 0 0 1
==================
(33 -> 31) 1 1 1 1
==================
(31 -> 33) 2 0 0 1
==================
(33 -> 32) 1 1 1 1
==================
(32 -> 33) 0 0 0 1
(32 -> 33) 0 0 1 1
(32 -> 33) 0 1 0 1
(32 -> 33) 2 1 0 1
(32 -> 33) 0 1 1 1
(32 -> 33) 1 0 0 1
(32 -> 33) 2 1 1 1
==================
(34 -> 32) 1 1 1 1
==================
(32 -> 34) 0 0 0 1
(32 -> 34) 0 0 1 1
(32 -> 34) 0 1 0 1
(32 -> 34) 2 1 0 1
(32 -> 34) 0 1 1 1
(32 -> 34) 1 0 0 1
(32 -> 34) 2 1 1 1
==================
(35 -> 33) 0 1 0 1
(35 -> 33) 2 0 1 1
(35 -> 33) 2 1 0 1
(35 -> 33) 1 0 0 1
(35 -> 33) 1 1 1 1
==================
(33 -> 35) 1 1 1 1
==================
(35 -> 34) 0 1 0 1
(35 -> 34) 2 0 1 1
(35 -> 34) 2 1 0 1
(35 -> 34) 1 0 0 1
(35 -> 34) 1 1 1 1
==================
(34 -> 35) 1 1 1 1
==================
(36 -> 34) 2 0 0 1
==================
(34 -> 36) 1 1 1 1
==================
(36 -> 35) 2 0 0 1
==================
(35 -> 36) 0 1 0 1
(35 -> 36) 2 0 1 1
(35 -> 36) 2 1 0 1
(35 -> 36) 1 0 0 1
(35 -> 36) 1 1 1 1
==================
(37 -> 35) 1 1 0 1
(37 -> 35) 2 0 1 1
(37 -> 35) 0 1 1 1
==================
(35 -> 37) 0 1 0 1
(35 -> 37) 2 0 1 1
(35 -> 37) 2 1 0 1
(35 -> 37) 1 0 0 1
(35 -> 37) 1 1 1 1
==================
(37 -> 36) 1 1 0 1
(37 -> 36) 2 0 1 1
(37 -> 36) 0 1 1 1
==================
(36 -> 37) 2 0 0 1
==================
(38 -> 36) 1 0 1 1
(38 -> 36) 2 1 1 1
==================
(36 -> 38) 2 0 0 1
==================
(38 -> 37) 1 0 1 1
(38 -> 37) 2 1 1 1
==================
(37 -> 38) 1 1 0 1
(37 -> 38) 2 0 1 1
(37 -> 38) 0 1 1 1
==================
(39 -> 37) 0 0 1 1
(39 -> 37) 0 1 1 1
==================
(37 -> 39) 1 1 0 1
(37 -> 39) 2 0 1 1
(37 -> 39) 0 1 1 1
==================
(39 -> 38) 0 0 1 1
(39 -> 38) 0 1 1 1
==================
(38 -> 39) 1 0 1 1
(38 -> 39) 2 1 1 1
==================
(40 -> 39) 1 0 1 1
(40 -> 39) 2 1 1 1
==================
(39 -> 40) 0 0 1 1
(39 -> 40) 0 1 1 1
==================
(41 -> 40) 0 1 1 1
==================
(40 -> 41) 1 0 1 1
(40 -> 41) 2 1 1 1
==================
(42 -> 0) 0 0 0 1
(42 -> 0) 2 1 0 1
(42 -> 0) 2 0 0 1
==================
(0 -> 42) 0 1 1 1
(0 -> 42) 2 0 0 1
==================
(42 -> 40) 0 0 0 1
(42 -> 40) 2 1 0 1
(42 -> 40) 2 0 0 1
==================
(40 -> 42) 1 0 1 1
(40 -> 42) 2 1 1 1
==================
(42 -> 41) 0 0 0 1
(42 -> 41) 2 1 0 1
(42 -> 41) 2 0 0 1
==================
(41 -> 42) 0 1 1 1
==================
(43 -> 0) 0 0 1 1
(43 -> 0) 1 0 1 1
(43 -> 0) 0 1 1 1
==================
(0 -> 43) 0 1 1 1
(0 -> 43) 2 0 0 1
==================
(43 -> 1) 0 0 1 1
(43 -> 1) 1 0 1 1
(43 -> 1) 0 1 1 1
==================
(1 -> 43) 2 0 1 1
==================
(43 -> 41) 0 0 1 1
(43 -> 41) 1 0 1 1
(43 -> 41) 0 1 1 1
==================
(41 -> 43) 0 1 1 1
==================
(43 -> 42) 0 0 1 1
(43 -> 42) 1 0 1 1
(43 -> 42) 0 1 1 1
==================
(42 -> 43) 0 0 0 1
(42 -> 43) 2 1 0 1
(42 -> 43) 2 0 0 1
==================
