MULTILAYER NETWORK (nb_of_nodes nb_of_links nb_of_protocols)
3065 3 2

NODES (id protocols adaptation_functions)
29 [ 1 ] [ (RT 1 1) (EC 1 1) ]
30 [ 0 1 ] [ (EC 1 0) (EC 1 1) ]
35 [ 0 1 ] [ (DC 0 0) (DC 1 0) (RT 1 1) ]
37 [ 0 1 ] [ (EC 1 0) ]
40 [ 0 1 ] [ (DC 0 0) (DC 1 0) ]
41 [ 1 ] [ (RT 1 1) ]
42 [ 0 1 ] [ (DC 0 1) ]
43 [ 1 ] [ (DC 1 1) ]
44 [ 0 ] [ (EC 0 0) ]
46 [ 1 ] [ (DC 1 1) ]
47 [ 0 1 ] [ (DC 0 1) ]
48 [ 0 1 ] [ (EC 1 0) ]
49 [ 0 1 ] [ (CV 0 1) ]
52 [ 0 ] [ (RT 0 0) ]
53 [ 0 1 ] [ (DC 1 0) ]
61 [ 0 ] [ (EC 0 0) ]
63 [ 0 1 ] [ (CV 0 1) ]
64 [ 0 1 ] [ (DC 0 1) ]
66 [ 0 1 ] [ (RT 0 0) (CV 1 0) (EC 1 0) ]
67 [ 0 ] [ (EC 0 0) ]
68 [ 0 ] [ (DC 0 0) ]
73 [ 0 ] [ (RT 0 0) (DC 0 0) ]
76 [ 1 ] [ (RT 1 1) ]
77 [ 1 ] [ (DC 1 1) ]
78 [ 1 ] [ (EC 1 1) ]
80 [ 1 ] [ (EC 1 1) (DC 1 1) ]
81 [ 0 1 ] [ (CV 1 0) (DC 0 1) ]
82 [ 1 ] [ (RT 1 1) ]
84 [ 0 1 ] [ (EC 0 0) (EC 1 0) ]
87 [ 0 ] [ (RT 0 0) ]
88 [ 0 1 ] [ (CV 0 1) ]
89 [ 0 1 ] [ (CV 1 0) ]
90 [ 0 ] [ (EC 0 0) ]
91 [ 0 1 ] [ (EC 1 0) ]
94 [ 0 1 ] [ (EC 0 1) (DC 1 0) (RT 1 1) ]
96 [ 0 1 ] [ (CV 1 0) ]
102 [ 0 1 ] [ (CV 0 1) ]
1 [ 0 1 ] [ (EC 0 1) ]
2 [ 0 ] [ (DC 0 0) ]
4 [ 0 1 ] [ (DC 1 0) ]
6 [ 0 ] [ (RT 0 0) ]
7 [ 0 ] [ (DC 0 0) ]
9 [ 1 ] [ (DC 1 1) ]
11 [ 1 ] [ (RT 1 1) ]
12 [ 0 1 ] [ (EC 1 0) (DC 1 1) ]
13 [ 0 1 ] [ (RT 0 0) (CV 1 0) ]
15 [ 0 ] [ (EC 0 0) ]
17 [ 0 1 ] [ (DC 1 0) ]
19 [ 0 1 ] [ (EC 1 0) ]
20 [ 0 ] [ (RT 0 0) ]
23 [ 1 ] [ (RT 1 1) ]
26 [ 0 1 ] [ (EC 0 1) (EC 1 1) ]
27 [ 1 ] [ (EC 1 1) ]
28 [ 0 1 ] [ (CV 1 0) ]
567 [ 0 ] [ (DC 0 0) ]
569 [ 0 1 ] [ (DC 0 1) ]
571 [ 0 ] [ (RT 0 0) ]
572 [ 1 ] [ (RT 1 1) ]
573 [ 0 ] [ (EC 0 0) ]
574 [ 0 1 ] [ (EC 0 1) ]
577 [ 0 ] [ (DC 0 0) ]
578 [ 0 1 ] [ (RT 0 0) (RT 1 1) ]
580 [ 0 1 ] [ (DC 1 0) ]
581 [ 0 1 ] [ (CV 1 0) ]
583 [ 0 1 ] [ (EC 0 1) ]
585 [ 0 ] [ (RT 0 0) ]
589 [ 0 1 ] [ (CV 1 0) ]
591 [ 0 1 ] [ (CV 0 1) (DC 0 1) ]
592 [ 0 ] [ (RT 0 0) ]
594 [ 0 1 ] [ (CV 0 1) ]
596 [ 1 ] [ (RT 1 1) ]
598 [ 0 1 ] [ (DC 1 0) ]
599 [ 0 ] [ (RT 0 0) ]
602 [ 0 1 ] [ (EC 1 0) ]
603 [ 0 1 ] [ (DC 0 1) (DC 1 0) ]
605 [ 1 ] [ (DC 1 1) ]
607 [ 1 ] [ (EC 1 1) ]
608 [ 0 1 ] [ (EC 0 1) (DC 0 1) (DC 1 1) ]
609 [ 1 ] [ (EC 1 1) ]
610 [ 0 1 ] [ (DC 0 0) (EC 1 1) ]
616 [ 0 1 ] [ (DC 1 0) ]
619 [ 0 ] [ (EC 0 0) ]
620 [ 0 1 ] [ (EC 1 0) ]
625 [ 0 ] [ (EC 0 0) ]
627 [ 0 1 ] [ (CV 1 0) (EC 1 0) ]
630 [ 0 1 ] [ (CV 0 1) ]
631 [ 0 ] [ (RT 0 0) ]
634 [ 0 1 ] [ (DC 1 0) ]
638 [ 0 1 ] [ (DC 0 0) (EC 1 0) ]
639 [ 0 1 ] [ (DC 1 0) ]
641 [ 0 1 ] [ (CV 0 1) ]
642 [ 0 1 ] [ (EC 0 0) (CV 1 0) (EC 0 1) (DC 0 1) ]
643 [ 0 1 ] [ (DC 0 0) (RT 1 1) ]
647 [ 0 1 ] [ (DC 0 1) ]
648 [ 0 ] [ (EC 0 0) (DC 0 0) ]
649 [ 1 ] [ (RT 1 1) ]
651 [ 0 1 ] [ (EC 0 1) ]
656 [ 0 1 ] [ (EC 1 0) ]
657 [ 0 1 ] [ (CV 1 0) (DC 1 0) ]
659 [ 0 ] [ (RT 0 0) ]
660 [ 0 1 ] [ (EC 0 1) (EC 1 1) ]
663 [ 0 1 ] [ (EC 1 0) (EC 1 1) ]
664 [ 0 1 ] [ (DC 0 1) ]
666 [ 0 1 ] [ (RT 0 0) (CV 0 1) ]
669 [ 0 1 ] [ (EC 0 1) ]
671 [ 0 ] [ (EC 0 0) ]
673 [ 1 ] [ (DC 1 1) ]
674 [ 0 1 ] [ (EC 1 0) ]
676 [ 1 ] [ (DC 1 1) ]
680 [ 0 1 ] [ (CV 0 1) ]
681 [ 0 1 ] [ (DC 0 0) (EC 1 0) ]
682 [ 1 ] [ (DC 1 1) ]
684 [ 0 ] [ (RT 0 0) ]
688 [ 0 1 ] [ (EC 0 0) (DC 1 0) ]
691 [ 0 1 ] [ (RT 0 0) (DC 0 0) (CV 0 1) ]
693 [ 0 1 ] [ (DC 1 0) ]
694 [ 0 1 ] [ (EC 0 0) (CV 0 1) ]
695 [ 0 1 ] [ (CV 1 0) ]
699 [ 0 1 ] [ (EC 1 0) ]
703 [ 0 1 ] [ (EC 0 1) ]
707 [ 1 ] [ (DC 1 1) ]
710 [ 1 ] [ (DC 1 1) ]
711 [ 0 1 ] [ (EC 0 0) (DC 1 0) ]
712 [ 0 ] [ (RT 0 0) ]
714 [ 0 1 ] [ (DC 0 0) (RT 1 1) (EC 1 1) ]
716 [ 0 1 ] [ (CV 0 1) (EC 1 1) ]
717 [ 0 1 ] [ (EC 0 0) (EC 1 0) ]
718 [ 0 1 ] [ (CV 1 0) ]
719 [ 0 ] [ (DC 0 0) ]
724 [ 0 ] [ (DC 0 0) ]
725 [ 0 1 ] [ (CV 1 0) ]
726 [ 1 ] [ (RT 1 1) ]
728 [ 0 1 ] [ (EC 0 1) ]
733 [ 0 1 ] [ (CV 1 0) ]
734 [ 0 ] [ (EC 0 0) ]
741 [ 1 ] [ (DC 1 1) ]
744 [ 0 1 ] [ (RT 0 0) (CV 0 1) ]
746 [ 0 1 ] [ (EC 1 0) ]
747 [ 0 1 ] [ (DC 0 1) ]
750 [ 1 ] [ (DC 1 1) ]
751 [ 0 ] [ (RT 0 0) ]
752 [ 0 1 ] [ (DC 0 1) ]
753 [ 0 1 ] [ (EC 1 0) ]
755 [ 0 1 ] [ (EC 0 1) ]
757 [ 0 ] [ (DC 0 0) ]
762 [ 0 1 ] [ (DC 0 0) (EC 0 1) ]
763 [ 0 ] [ (EC 0 0) ]
764 [ 0 1 ] [ (EC 1 0) ]
767 [ 1 ] [ (EC 1 1) ]
768 [ 1 ] [ (EC 1 1) ]
769 [ 0 1 ] [ (CV 0 1) (DC 0 1) (EC 1 1) ]
771 [ 0 1 ] [ (CV 1 0) (EC 0 1) (EC 1 0) ]
773 [ 1 ] [ (RT 1 1) ]
778 [ 0 1 ] [ (DC 1 0) (DC 1 1) ]
779 [ 1 ] [ (RT 1 1) ]
780 [ 0 1 ] [ (EC 0 0) (EC 0 1) ]
781 [ 0 1 ] [ (DC 0 1) ]
782 [ 0 1 ] [ (EC 1 0) ]
784 [ 1 ] [ (DC 1 1) ]
786 [ 0 1 ] [ (CV 1 0) ]
789 [ 0 1 ] [ (EC 0 1) ]
794 [ 0 1 ] [ (CV 0 1) ]
795 [ 0 ] [ (DC 0 0) ]
796 [ 0 1 ] [ (DC 1 0) ]
801 [ 0 1 ] [ (DC 1 0) ]
803 [ 0 1 ] [ (EC 0 0) (DC 0 1) ]
804 [ 0 ] [ (RT 0 0) ]
805 [ 0 1 ] [ (CV 0 1) (EC 0 1) ]
811 [ 0 ] [ (RT 0 0) ]
812 [ 1 ] [ (DC 1 1) ]
814 [ 0 1 ] [ (EC 0 1) ]
816 [ 0 1 ] [ (CV 1 0) ]
818 [ 1 ] [ (DC 1 1) ]
819 [ 0 1 ] [ (DC 1 0) (EC 1 1) ]
820 [ 1 ] [ (EC 1 1) ]
821 [ 1 ] [ (EC 1 1) (DC 1 1) ]
822 [ 1 ] [ (EC 1 1) ]
824 [ 0 1 ] [ (CV 1 0) ]
825 [ 0 1 ] [ (RT 0 0) (DC 0 1) ]
826 [ 0 ] [ (EC 0 0) ]
828 [ 0 ] [ (DC 0 0) ]
830 [ 0 1 ] [ (CV 0 1) ]
832 [ 0 1 ] [ (EC 0 1) (RT 1 1) ]
833 [ 0 1 ] [ (DC 0 0) (CV 0 1) ]
839 [ 0 1 ] [ (RT 0 0) (CV 1 0) (EC 0 1) ]
842 [ 0 1 ] [ (DC 1 0) ]
843 [ 0 1 ] [ (EC 1 0) ]
844 [ 0 1 ] [ (CV 0 1) (RT 1 1) ]
847 [ 0 1 ] [ (CV 1 0) ]
848 [ 0 1 ] [ (EC 0 1) ]
852 [ 0 1 ] [ (DC 0 1) (DC 1 1) ]
854 [ 0 1 ] [ (CV 1 0) ]
855 [ 0 1 ] [ (EC 0 0) (CV 0 1) ]
857 [ 0 ] [ (RT 0 0) ]
861 [ 0 1 ] [ (EC 1 0) ]
862 [ 0 1 ] [ (CV 1 0) ]
864 [ 0 1 ] [ (DC 0 1) ]
866 [ 0 1 ] [ (EC 0 1) ]
871 [ 0 ] [ (DC 0 0) ]
872 [ 0 ] [ (EC 0 0) ]
873 [ 0 1 ] [ (DC 1 0) ]
874 [ 0 1 ] [ (DC 0 1) ]
875 [ 0 1 ] [ (EC 0 1) (EC 1 1) ]
877 [ 0 1 ] [ (CV 1 0) ]
878 [ 0 ] [ (RT 0 0) (EC 0 0) ]
880 [ 0 1 ] [ (CV 0 1) ]
883 [ 0 1 ] [ (CV 0 1) ]
885 [ 0 ] [ (RT 0 0) ]
886 [ 0 1 ] [ (EC 1 0) (DC 1 1) ]
889 [ 1 ] [ (DC 1 1) ]
891 [ 0 1 ] [ (DC 0 1) (RT 1 1) ]
892 [ 0 ] [ (RT 0 0) ]
895 [ 0 ] [ (EC 0 0) ]
897 [ 0 1 ] [ (EC 1 0) ]
900 [ 0 1 ] [ (CV 1 0) ]
901 [ 0 ] [ (EC 0 0) ]
903 [ 1 ] [ (RT 1 1) ]
904 [ 0 ] [ (DC 0 0) ]
907 [ 0 1 ] [ (CV 1 0) ]
913 [ 0 1 ] [ (DC 0 1) ]
914 [ 0 ] [ (DC 0 0) ]
915 [ 0 1 ] [ (CV 1 0) (EC 1 0) (RT 1 1) ]
918 [ 0 ] [ (EC 0 0) ]
919 [ 0 1 ] [ (CV 0 1) ]
922 [ 0 1 ] [ (CV 1 0) (EC 1 0) ]
923 [ 1 ] [ (EC 1 1) (DC 1 1) ]
925 [ 0 1 ] [ (EC 0 1) (EC 1 1) ]
926 [ 1 ] [ (EC 1 1) ]
930 [ 0 1 ] [ (CV 1 0) (DC 0 1) ]
933 [ 0 1 ] [ (EC 1 0) ]
940 [ 0 1 ] [ (EC 1 0) ]
941 [ 0 ] [ (EC 0 0) ]
942 [ 0 ] [ (DC 0 0) ]
943 [ 0 1 ] [ (EC 0 1) ]
944 [ 1 ] [ (RT 1 1) ]
945 [ 0 1 ] [ (RT 0 0) (CV 1 0) ]
947 [ 0 ] [ (DC 0 0) ]
950 [ 1 ] [ (RT 1 1) ]
951 [ 0 1 ] [ (EC 1 0) (DC 1 1) ]
952 [ 0 1 ] [ (RT 0 0) (DC 0 1) ]
953 [ 0 1 ] [ (EC 0 0) (CV 1 0) ]
957 [ 0 1 ] [ (DC 0 0) (DC 1 1) ]
958 [ 0 1 ] [ (CV 0 1) (EC 1 0) ]
960 [ 0 1 ] [ (CV 1 0) ]
962 [ 1 ] [ (RT 1 1) ]
964 [ 0 1 ] [ (EC 0 0) (DC 0 1) ]
968 [ 0 1 ] [ (CV 1 0) (EC 0 1) ]
972 [ 0 1 ] [ (CV 0 1) ]
976 [ 1 ] [ (EC 1 1) ]
977 [ 0 1 ] [ (RT 0 0) (EC 0 1) ]
979 [ 1 ] [ (EC 1 1) ]
980 [ 0 ] [ (DC 0 0) ]
981 [ 0 1 ] [ (DC 1 0) ]
983 [ 0 1 ] [ (CV 0 1) ]
986 [ 0 1 ] [ (EC 0 1) (DC 0 1) (DC 1 0) ]
990 [ 0 ] [ (DC 0 0) ]
991 [ 0 1 ] [ (RT 0 0) (DC 1 1) ]
994 [ 0 1 ] [ (CV 0 1) (EC 1 0) ]
997 [ 1 ] [ (DC 1 1) ]
998 [ 0 1 ] [ (RT 0 0) (CV 1 0) ]
1005 [ 0 1 ] [ (EC 1 0) ]
1008 [ 0 1 ] [ (DC 0 1) ]
1010 [ 0 ] [ (EC 0 0) ]
1012 [ 0 ] [ (RT 0 0) ]
1013 [ 0 1 ] [ (DC 0 0) (CV 1 0) ]
1016 [ 0 ] [ (EC 0 0) ]
1021 [ 0 1 ] [ (CV 1 0) ]
1022 [ 0 1 ] [ (EC 0 0) (CV 0 1) ]
1023 [ 0 ] [ (DC 0 0) ]
1025 [ 1 ] [ (DC 1 1) ]
1027 [ 1 ] [ (RT 1 1) ]
1028 [ 1 ] [ (EC 1 1) ]
1029 [ 1 ] [ (EC 1 1) ]
1030 [ 0 1 ] [ (EC 1 0) (DC 0 1) (EC 1 1) ]
1033 [ 0 1 ] [ (EC 0 0) (CV 0 1) (RT 1 1) (EC 1 1) ]
1035 [ 0 1 ] [ (DC 1 0) ]
1036 [ 0 1 ] [ (CV 1 0) ]
1040 [ 0 1 ] [ (DC 1 0) ]
1041 [ 0 1 ] [ (EC 1 0) ]
1044 [ 0 1 ] [ (CV 0 1) ]
1045 [ 0 ] [ (EC 0 0) ]
1047 [ 0 1 ] [ (CV 0 1) (DC 0 1) ]
1051 [ 0 1 ] [ (RT 0 0) (CV 1 0) ]
1053 [ 0 1 ] [ (DC 1 0) ]
1056 [ 0 ] [ (DC 0 0) ]
1058 [ 0 1 ] [ (RT 0 0) (DC 1 0) ]
1059 [ 0 1 ] [ (CV 1 0) ]
1061 [ 0 ] [ (DC 0 0) ]
1062 [ 0 1 ] [ (EC 0 0) (DC 1 1) ]
1064 [ 0 1 ] [ (DC 0 1) ]
1065 [ 0 1 ] [ (RT 0 0) (DC 1 1) ]
1069 [ 0 1 ] [ (DC 0 1) ]
1071 [ 0 1 ] [ (DC 1 0) ]
1072 [ 0 ] [ (RT 0 0) ]
1074 [ 1 ] [ (RT 1 1) ]
1076 [ 0 1 ] [ (DC 1 0) ]
1077 [ 0 1 ] [ (EC 1 0) ]
1080 [ 1 ] [ (RT 1 1) ]
1082 [ 1 ] [ (EC 1 1) ]
1083 [ 0 1 ] [ (CV 0 1) (EC 1 1) ]
1086 [ 1 ] [ (EC 1 1) ]
1090 [ 0 ] [ (RT 0 0) ]
1091 [ 0 1 ] [ (EC 0 0) (DC 0 1) ]
1093 [ 1 ] [ (DC 1 1) ]
1094 [ 0 ] [ (DC 0 0) ]
1095 [ 0 1 ] [ (EC 1 0) ]
1097 [ 0 1 ] [ (RT 0 0) (CV 0 1) ]
1098 [ 1 ] [ (RT 1 1) ]
1102 [ 0 1 ] [ (EC 1 0) ]
1104 [ 0 ] [ (RT 0 0) ]
1107 [ 0 1 ] [ (DC 1 0) ]
1108 [ 0 1 ] [ (CV 0 1) (DC 0 1) ]
1112 [ 0 1 ] [ (CV 1 0) (DC 1 0) ]
1113 [ 0 1 ] [ (DC 0 1) ]
1114 [ 0 ] [ (EC 0 0) ]
1115 [ 0 1 ] [ (EC 0 1) ]
1118 [ 0 ] [ (RT 0 0) ]
1122 [ 0 1 ] [ (CV 0 1) ]
1127 [ 0 1 ] [ (CV 1 0) (DC 1 1) ]
1130 [ 0 1 ] [ (DC 0 1) (DC 1 1) ]
1132 [ 0 ] [ (DC 0 0) ]
1133 [ 1 ] [ (RT 1 1) (DC 1 1) ]
1136 [ 1 ] [ (EC 1 1) ]
1138 [ 0 1 ] [ (EC 1 0) ]
1142 [ 0 1 ] [ (CV 1 0) ]
1143 [ 0 1 ] [ (DC 1 0) ]
1145 [ 0 1 ] [ (EC 1 0) (RT 1 1) ]
1147 [ 0 1 ] [ (CV 0 1) (DC 0 1) ]
1148 [ 0 1 ] [ (DC 1 0) ]
1152 [ 0 1 ] [ (DC 0 1) ]
1154 [ 0 ] [ (EC 0 0) ]
1156 [ 0 1 ] [ (EC 1 0) ]
1157 [ 0 1 ] [ (CV 1 0) (RT 1 1) ]
1161 [ 0 1 ] [ (DC 1 0) ]
1163 [ 1 ] [ (RT 1 1) ]
1164 [ 0 1 ] [ (DC 0 1) ]
1165 [ 0 1 ] [ (DC 0 0) (CV 1 0) ]
1170 [ 0 1 ] [ (DC 0 0) (DC 1 1) ]
1174 [ 0 1 ] [ (EC 0 1) ]
1177 [ 0 ] [ (EC 0 0) ]
1178 [ 0 ] [ (RT 0 0) ]
1179 [ 0 1 ] [ (DC 1 0) ]
1183 [ 0 ] [ (EC 0 0) ]
1184 [ 0 1 ] [ (DC 1 0) ]
1185 [ 0 ] [ (RT 0 0) ]
1187 [ 1 ] [ (EC 1 1) ]
1190 [ 1 ] [ (EC 1 1) ]
1192 [ 0 1 ] [ (EC 1 0) ]
1197 [ 0 1 ] [ (CV 0 1) ]
1198 [ 1 ] [ (RT 1 1) (DC 1 1) ]
1199 [ 0 1 ] [ (EC 1 0) ]
1200 [ 0 ] [ (EC 0 0) ]
1202 [ 0 1 ] [ (DC 1 0) ]
1204 [ 1 ] [ (DC 1 1) ]
1208 [ 0 ] [ (DC 0 0) ]
1210 [ 1 ] [ (RT 1 1) ]
1211 [ 0 1 ] [ (CV 0 1) ]
1213 [ 0 1 ] [ (DC 0 0) (DC 0 1) ]
1216 [ 1 ] [ (RT 1 1) ]
1217 [ 0 ] [ (RT 0 0) ]
1218 [ 0 1 ] [ (CV 1 0) ]
1222 [ 0 1 ] [ (CV 0 1) (RT 1 1) ]
1223 [ 0 ] [ (EC 0 0) ]
1225 [ 0 1 ] [ (DC 0 1) ]
1226 [ 0 1 ] [ (EC 0 1) ]
1228 [ 0 1 ] [ (EC 1 0) ]
1229 [ 0 ] [ (EC 0 0) ]
1233 [ 0 1 ] [ (CV 0 1) (CV 1 0) (DC 1 0) ]
1235 [ 0 1 ] [ (EC 0 1) (DC 0 1) ]
1238 [ 0 1 ] [ (RT 0 0) (DC 1 0) ]
1240 [ 1 ] [ (EC 1 1) ]
1241 [ 0 1 ] [ (DC 0 0) (EC 1 1) ]
1242 [ 0 1 ] [ (EC 0 1) (EC 1 1) ]
1245 [ 0 ] [ (RT 0 0) ]
1246 [ 0 1 ] [ (EC 1 0) ]
1251 [ 0 ] [ (DC 0 0) ]
1252 [ 0 1 ] [ (EC 0 0) (DC 0 1) ]
1253 [ 0 1 ] [ (EC 1 0) ]
1256 [ 0 ] [ (DC 0 0) ]
1257 [ 1 ] [ (RT 1 1) ]
1261 [ 0 1 ] [ (CV 0 1) ]
1263 [ 1 ] [ (RT 1 1) ]
1264 [ 0 1 ] [ (EC 1 0) ]
1269 [ 0 1 ] [ (EC 0 0) (DC 1 0) (DC 1 1) ]
1271 [ 0 1 ] [ (CV 1 0) (EC 1 0) ]
1272 [ 0 1 ] [ (CV 0 1) ]
1274 [ 0 1 ] [ (DC 0 1) (DC 1 0) ]
1275 [ 0 1 ] [ (EC 0 0) (DC 1 1) ]
1279 [ 0 1 ] [ (CV 1 0) ]
1286 [ 0 1 ] [ (CV 0 1) (CV 1 0) (DC 0 1) ]
1289 [ 0 1 ] [ (DC 0 0) (EC 1 0) ]
1291 [ 0 1 ] [ (DC 0 1) ]
1292 [ 0 1 ] [ (DC 1 0) ]
1293 [ 1 ] [ (EC 1 1) ]
1294 [ 0 ] [ (DC 0 0) ]
1295 [ 1 ] [ (EC 1 1) ]
1297 [ 1 ] [ (EC 1 1) ]
1303 [ 0 1 ] [ (EC 0 1) (DC 1 1) ]
1306 [ 1 ] [ (DC 1 1) ]
1308 [ 0 1 ] [ (DC 0 1) ]
1309 [ 0 1 ] [ (CV 1 0) ]
1310 [ 0 1 ] [ (DC 1 0) ]
1312 [ 0 1 ] [ (EC 0 1) ]
1313 [ 0 1 ] [ (DC 0 1) ]
1315 [ 0 ] [ (EC 0 0) ]
1316 [ 1 ] [ (RT 1 1) ]
1317 [ 0 ] [ (DC 0 0) ]
1323 [ 0 1 ] [ (RT 0 0) (DC 1 0) ]
1324 [ 0 1 ] [ (CV 1 0) ]
1325 [ 0 1 ] [ (EC 1 0) ]
1327 [ 0 ] [ (DC 0 0) ]
1328 [ 0 1 ] [ (EC 0 1) ]
1333 [ 0 1 ] [ (CV 0 1) (DC 1 0) ]
1334 [ 1 ] [ (RT 1 1) ]
1336 [ 0 1 ] [ (CV 0 1) ]
1337 [ 0 1 ] [ (RT 0 0) (EC 0 1) (DC 1 1) ]
1338 [ 0 ] [ (EC 0 0) ]
1340 [ 1 ] [ (RT 1 1) (DC 1 1) ]
1343 [ 0 1 ] [ (EC 1 0) ]
1344 [ 0 ] [ (RT 0 0) (EC 0 0) ]
1345 [ 1 ] [ (EC 1 1) ]
1347 [ 0 1 ] [ (CV 0 1) (CV 1 0) (EC 1 1) ]
1355 [ 0 ] [ (DC 0 0) ]
1361 [ 0 1 ] [ (EC 0 0) (CV 0 1) ]
1362 [ 0 1 ] [ (CV 1 0) (EC 0 1) ]
1364 [ 0 1 ] [ (DC 1 0) ]
1365 [ 0 ] [ (DC 0 0) ]
1367 [ 0 ] [ (EC 0 0) ]
1369 [ 0 1 ] [ (DC 0 1) ]
1370 [ 0 ] [ (DC 0 0) ]
1371 [ 0 1 ] [ (EC 0 1) (DC 1 1) ]
1372 [ 0 1 ] [ (CV 0 1) ]
1374 [ 0 1 ] [ (DC 0 1) ]
1375 [ 0 1 ] [ (CV 0 1) (RT 1 1) ]
1377 [ 0 1 ] [ (CV 1 0) (DC 1 1) ]
1379 [ 0 1 ] [ (EC 1 0) ]
1380 [ 0 1 ] [ (EC 0 1) (DC 1 1) ]
1381 [ 1 ] [ (RT 1 1) ]
1383 [ 0 ] [ (RT 0 0) ]
1385 [ 0 1 ] [ (CV 1 0) ]
1386 [ 0 1 ] [ (CV 0 1) ]
1387 [ 0 1 ] [ (DC 1 0) ]
1389 [ 0 1 ] [ (EC 0 1) ]
1390 [ 0 ] [ (RT 0 0) ]
1392 [ 0 1 ] [ (CV 1 0) ]
1393 [ 0 1 ] [ (DC 0 0) (RT 1 1) ]
1397 [ 0 ] [ (RT 0 0) ]
1399 [ 1 ] [ (RT 1 1) ]
1400 [ 0 1 ] [ (CV 0 1) (CV 1 0) ]
1404 [ 0 ] [ (RT 0 0) ]
1408 [ 0 1 ] [ (EC 1 0) (DC 0 1) (DC 1 1) ]
1411 [ 1 ] [ (RT 1 1) ]
1413 [ 0 1 ] [ (EC 0 0) (DC 0 1) ]
1414 [ 0 1 ] [ (EC 0 1) ]
1415 [ 0 1 ] [ (CV 1 0) (EC 1 0) ]
1418 [ 0 ] [ (RT 0 0) ]
1423 [ 0 1 ] [ (CV 1 0) ]
1431 [ 0 ] [ (DC 0 0) ]
1432 [ 0 1 ] [ (EC 0 1) ]
1435 [ 0 1 ] [ (DC 0 1) ]
1436 [ 0 1 ] [ (RT 0 0) (EC 0 0) (CV 0 1) (DC 1 0) ]
1443 [ 0 ] [ (RT 0 0) ]
1445 [ 1 ] [ (DC 1 1) ]
1446 [ 1 ] [ (RT 1 1) ]
1447 [ 0 1 ] [ (DC 0 1) ]
1448 [ 0 1 ] [ (EC 0 1) ]
1450 [ 0 1 ] [ (CV 0 1) ]
1451 [ 1 ] [ (EC 1 1) (DC 1 1) ]
1452 [ 1 ] [ (EC 1 1) ]
1453 [ 0 1 ] [ (EC 0 0) (CV 1 0) ]
1454 [ 0 1 ] [ (DC 1 0) (EC 1 1) ]
1455 [ 1 ] [ (EC 1 1) ]
1456 [ 1 ] [ (EC 1 1) ]
1457 [ 0 1 ] [ (RT 0 0) (EC 0 1) ]
1461 [ 0 1 ] [ (CV 0 1) ]
1464 [ 0 1 ] [ (RT 0 0) (RT 1 1) ]
1467 [ 0 1 ] [ (DC 1 0) ]
1468 [ 0 1 ] [ (CV 1 0) ]
1469 [ 0 ] [ (DC 0 0) ]
1475 [ 0 1 ] [ (CV 0 1) ]
1476 [ 1 ] [ (RT 1 1) ]
1477 [ 0 1 ] [ (DC 1 0) ]
1479 [ 0 1 ] [ (DC 0 0) (DC 1 1) ]
1482 [ 0 1 ] [ (EC 0 0) (EC 0 1) (DC 1 1) ]
1488 [ 0 ] [ (EC 0 0) ]
1490 [ 0 1 ] [ (DC 1 0) ]
1496 [ 0 ] [ (RT 0 0) ]
1499 [ 0 1 ] [ (EC 0 0) (RT 1 1) ]
1500 [ 0 1 ] [ (EC 0 1) ]
1504 [ 1 ] [ (EC 1 1) ]
1505 [ 0 1 ] [ (EC 1 0) (RT 1 1) ]
103 [ 0 1 ] [ (DC 0 1) ]
104 [ 0 1 ] [ (CV 1 0) ]
106 [ 1 ] [ (RT 1 1) ]
107 [ 0 1 ] [ (EC 0 0) (DC 1 0) ]
109 [ 0 1 ] [ (EC 1 0) ]
111 [ 1 ] [ (DC 1 1) ]
112 [ 0 1 ] [ (EC 0 1) (DC 1 0) ]
113 [ 0 ] [ (EC 0 0) ]
114 [ 1 ] [ (DC 1 1) ]
119 [ 0 1 ] [ (RT 0 0) (CV 1 0) ]
120 [ 0 1 ] [ (DC 0 1) ]
121 [ 0 ] [ (DC 0 0) ]
124 [ 0 1 ] [ (CV 0 1) ]
125 [ 0 1 ] [ (DC 1 0) ]
128 [ 0 1 ] [ (EC 0 1) ]
130 [ 0 1 ] [ (DC 1 0) ]
135 [ 1 ] [ (EC 1 1) ]
136 [ 0 ] [ (EC 0 0) ]
141 [ 1 ] [ (RT 1 1) ]
142 [ 0 1 ] [ (DC 0 1) ]
145 [ 0 1 ] [ (EC 1 0) ]
148 [ 0 1 ] [ (DC 1 0) ]
151 [ 1 ] [ (DC 1 1) ]
152 [ 0 1 ] [ (CV 0 1) ]
153 [ 1 ] [ (RT 1 1) ]
154 [ 0 ] [ (DC 0 0) ]
155 [ 0 1 ] [ (EC 0 1) ]
156 [ 0 1 ] [ (EC 1 0) ]
159 [ 0 1 ] [ (DC 0 0) (RT 1 1) ]
164 [ 0 1 ] [ (DC 0 0) (DC 0 1) ]
165 [ 1 ] [ (RT 1 1) ]
166 [ 0 1 ] [ (DC 1 0) ]
169 [ 0 1 ] [ (DC 0 1) ]
174 [ 0 1 ] [ (EC 1 0) ]
179 [ 0 1 ] [ (RT 0 0) (DC 1 0) ]
182 [ 0 ] [ (EC 0 0) ]
184 [ 0 1 ] [ (DC 1 0) ]
185 [ 1 ] [ (DC 1 1) ]
187 [ 1 ] [ (EC 1 1) ]
188 [ 1 ] [ (DC 1 1) ]
189 [ 0 1 ] [ (EC 0 1) ]
191 [ 1 ] [ (DC 1 1) ]
192 [ 0 ] [ (DC 0 0) ]
193 [ 0 ] [ (RT 0 0) ]
197 [ 0 ] [ (DC 0 0) ]
198 [ 0 1 ] [ (EC 0 1) ]
199 [ 0 ] [ (EC 0 0) ]
200 [ 0 ] [ (RT 0 0) ]
203 [ 0 1 ] [ (DC 0 1) ]
205 [ 0 1 ] [ (EC 0 1) ]
213 [ 0 1 ] [ (CV 0 1) ]
214 [ 0 1 ] [ (EC 0 1) ]
218 [ 1 ] [ (RT 1 1) ]
220 [ 0 ] [ (DC 0 0) ]
222 [ 1 ] [ (DC 1 1) ]
223 [ 0 1 ] [ (EC 0 1) ]
225 [ 0 ] [ (RT 0 0) (DC 0 0) ]
228 [ 0 ] [ (EC 0 0) ]
230 [ 0 1 ] [ (DC 0 0) (DC 0 1) ]
232 [ 0 ] [ (RT 0 0) ]
233 [ 0 1 ] [ (DC 1 0) ]
235 [ 0 1 ] [ (DC 0 0) (EC 1 0) ]
237 [ 1 ] [ (EC 1 1) ]
238 [ 0 1 ] [ (CV 0 1) ]
239 [ 0 1 ] [ (RT 0 0) (EC 1 1) ]
240 [ 1 ] [ (EC 1 1) ]
242 [ 0 1 ] [ (DC 0 1) ]
245 [ 0 ] [ (EC 0 0) ]
246 [ 0 ] [ (RT 0 0) ]
248 [ 0 1 ] [ (CV 1 0) (EC 0 1) ]
250 [ 1 ] [ (DC 1 1) ]
251 [ 0 ] [ (EC 0 0) ]
253 [ 0 1 ] [ (RT 0 0) (EC 1 0) ]
256 [ 0 1 ] [ (DC 1 0) (DC 1 1) ]
257 [ 0 ] [ (EC 0 0) ]
259 [ 1 ] [ (RT 1 1) (DC 1 1) ]
260 [ 0 1 ] [ (EC 1 0) ]
263 [ 0 1 ] [ (DC 0 0) (CV 0 1) (CV 1 0) ]
264 [ 0 1 ] [ (DC 0 1) ]
268 [ 0 ] [ (EC 0 0) (DC 0 0) ]
271 [ 0 1 ] [ (EC 1 0) ]
273 [ 0 ] [ (DC 0 0) ]
274 [ 0 1 ] [ (DC 1 0) ]
275 [ 0 1 ] [ (EC 0 1) ]
278 [ 0 1 ] [ (EC 1 0) ]
283 [ 1 ] [ (RT 1 1) ]
286 [ 0 1 ] [ (CV 1 0) (DC 0 1) ]
287 [ 0 1 ] [ (DC 1 0) (DC 1 1) ]
288 [ 0 1 ] [ (CV 0 1) ]
291 [ 0 1 ] [ (EC 0 0) (EC 0 1) ]
292 [ 0 1 ] [ (RT 0 0) (DC 1 0) ]
293 [ 1 ] [ (DC 1 1) ]
294 [ 1 ] [ (EC 1 1) ]
297 [ 0 ] [ (EC 0 0) ]
299 [ 0 ] [ (RT 0 0) ]
301 [ 0 1 ] [ (CV 1 0) ]
302 [ 0 1 ] [ (CV 0 1) ]
303 [ 0 1 ] [ (DC 0 1) ]
308 [ 0 1 ] [ (DC 0 1) ]
309 [ 0 1 ] [ (EC 0 1) ]
314 [ 0 1 ] [ (EC 1 0) ]
316 [ 0 1 ] [ (CV 1 0) ]
318 [ 0 1 ] [ (EC 0 1) ]
323 [ 0 1 ] [ (DC 1 0) ]
324 [ 0 1 ] [ (CV 1 0) (DC 1 1) ]
326 [ 0 ] [ (EC 0 0) ]
330 [ 0 1 ] [ (DC 0 1) ]
331 [ 0 1 ] [ (CV 1 0) ]
334 [ 0 1 ] [ (DC 0 0) (EC 0 1) ]
336 [ 1 ] [ (RT 1 1) ]
338 [ 0 1 ] [ (RT 0 0) (CV 0 1) ]
339 [ 0 ] [ (DC 0 0) ]
341 [ 0 1 ] [ (DC 1 0) ]
342 [ 1 ] [ (EC 1 1) ]
343 [ 0 1 ] [ (EC 0 0) (EC 0 1) (EC 1 0) (EC 1 1) ]
345 [ 0 1 ] [ (RT 0 0) (EC 1 1) ]
346 [ 0 1 ] [ (DC 1 0) ]
347 [ 0 1 ] [ (DC 0 1) (EC 1 1) ]
348 [ 1 ] [ (RT 1 1) ]
349 [ 0 ] [ (DC 0 0) ]
350 [ 0 1 ] [ (EC 1 0) ]
352 [ 0 ] [ (RT 0 0) ]
355 [ 1 ] [ (DC 1 1) ]
360 [ 0 1 ] [ (EC 0 0) (RT 1 1) ]
361 [ 0 1 ] [ (EC 1 0) ]
366 [ 0 1 ] [ (CV 0 1) ]
372 [ 0 ] [ (EC 0 0) ]
373 [ 0 ] [ (RT 0 0) ]
377 [ 0 1 ] [ (DC 0 0) (EC 0 1) ]
381 [ 0 1 ] [ (DC 0 1) ]
384 [ 0 1 ] [ (CV 1 0) ]
386 [ 0 1 ] [ (EC 0 1) (EC 1 0) ]
387 [ 0 ] [ (DC 0 0) ]
389 [ 0 1 ] [ (EC 0 0) (RT 1 1) ]
391 [ 0 1 ] [ (CV 0 1) ]
392 [ 0 1 ] [ (CV 1 0) ]
395 [ 0 1 ] [ (EC 0 0) (DC 1 0) (RT 1 1) ]
398 [ 0 1 ] [ (RT 0 0) (EC 1 1) ]
400 [ 0 1 ] [ (DC 1 0) (EC 1 1) ]
402 [ 0 1 ] [ (CV 0 1) ]
403 [ 0 1 ] [ (DC 0 1) ]
405 [ 0 ] [ (RT 0 0) ]
406 [ 0 ] [ (EC 0 0) ]
408 [ 0 1 ] [ (DC 0 1) ]
410 [ 0 ] [ (DC 0 0) ]
413 [ 1 ] [ (RT 1 1) ]
415 [ 0 1 ] [ (EC 1 0) ]
418 [ 0 ] [ (EC 0 0) ]
419 [ 0 ] [ (RT 0 0) ]
420 [ 0 ] [ (DC 0 0) ]
422 [ 0 1 ] [ (CV 1 0) (EC 1 0) ]
425 [ 0 ] [ (DC 0 0) ]
426 [ 0 ] [ (RT 0 0) ]
427 [ 0 1 ] [ (CV 0 1) ]
433 [ 0 ] [ (RT 0 0) ]
435 [ 1 ] [ (DC 1 1) ]
436 [ 0 1 ] [ (DC 1 0) ]
440 [ 0 1 ] [ (EC 1 0) ]
441 [ 0 ] [ (EC 0 0) ]
447 [ 0 1 ] [ (DC 0 1) ]
448 [ 0 1 ] [ (DC 0 0) (EC 1 1) ]
449 [ 0 1 ] [ (DC 1 0) ]
451 [ 0 ] [ (RT 0 0) ]
454 [ 1 ] [ (RT 1 1) ]
455 [ 0 1 ] [ (CV 0 1) ]
458 [ 0 1 ] [ (EC 1 0) ]
460 [ 0 1 ] [ (CV 1 0) ]
463 [ 0 1 ] [ (DC 0 0) (DC 1 1) ]
464 [ 0 1 ] [ (DC 0 1) ]
465 [ 0 ] [ (RT 0 0) ]
466 [ 0 1 ] [ (CV 0 1) ]
468 [ 0 1 ] [ (CV 1 0) ]
469 [ 0 1 ] [ (EC 1 0) (DC 1 1) ]
472 [ 0 1 ] [ (RT 0 0) (RT 1 1) ]
478 [ 1 ] [ (RT 1 1) ]
479 [ 0 ] [ (RT 0 0) ]
480 [ 0 1 ] [ (CV 0 1) ]
481 [ 0 ] [ (EC 0 0) ]
486 [ 0 1 ] [ (DC 0 0) (DC 0 1) ]
487 [ 0 ] [ (EC 0 0) ]
490 [ 0 1 ] [ (CV 1 0) ]
491 [ 0 ] [ (DC 0 0) ]
493 [ 0 ] [ (RT 0 0) ]
496 [ 0 ] [ (DC 0 0) ]
497 [ 0 1 ] [ (EC 0 1) ]
498 [ 0 1 ] [ (CV 1 0) ]
502 [ 0 1 ] [ (CV 0 1) (EC 1 1) ]
504 [ 0 ] [ (EC 0 0) ]
505 [ 1 ] [ (EC 1 1) ]
506 [ 0 1 ] [ (EC 0 1) ]
512 [ 0 1 ] [ (EC 1 0) ]
513 [ 0 1 ] [ (CV 1 0) (RT 1 1) ]
521 [ 0 1 ] [ (CV 1 0) ]
522 [ 0 1 ] [ (EC 0 1) ]
525 [ 0 1 ] [ (DC 0 1) ]
530 [ 0 1 ] [ (CV 0 1) (DC 0 1) ]
532 [ 0 ] [ (RT 0 0) ]
534 [ 0 ] [ (DC 0 0) ]
537 [ 1 ] [ (RT 1 1) ]
539 [ 0 ] [ (RT 0 0) ]
540 [ 0 1 ] [ (EC 0 1) (DC 1 1) ]
542 [ 0 1 ] [ (DC 0 1) ]
546 [ 0 ] [ (RT 0 0) ]
547 [ 0 1 ] [ (DC 0 1) ]
548 [ 0 1 ] [ (EC 1 0) ]
549 [ 0 1 ] [ (DC 1 0) ]
550 [ 0 ] [ (EC 0 0) ]
551 [ 0 1 ] [ (CV 1 0) ]
552 [ 0 1 ] [ (CV 0 1) ]
554 [ 1 ] [ (EC 1 1) ]
556 [ 1 ] [ (EC 1 1) ]
558 [ 0 1 ] [ (EC 0 1) (EC 1 1) ]
562 [ 0 1 ] [ (DC 1 0) ]
566 [ 0 1 ] [ (CV 1 0) (EC 1 0) ]
1506 [ 1 ] [ (EC 1 1) ]
1507 [ 0 ] [ (DC 0 0) ]
1508 [ 0 1 ] [ (DC 1 0) ]
1509 [ 0 1 ] [ (EC 0 1) ]
1510 [ 0 ] [ (RT 0 0) ]
1511 [ 0 1 ] [ (EC 0 0) (CV 0 1) (RT 1 1) ]
1513 [ 0 1 ] [ (DC 1 0) ]
1519 [ 1 ] [ (DC 1 1) ]
1521 [ 0 1 ] [ (CV 1 0) ]
1522 [ 0 ] [ (EC 0 0) ]
1523 [ 0 1 ] [ (EC 1 0) (RT 1 1) ]
1525 [ 0 1 ] [ (CV 0 1) (EC 0 1) ]
1526 [ 0 1 ] [ (DC 1 0) ]
1529 [ 0 1 ] [ (CV 1 0) ]
1534 [ 0 1 ] [ (EC 0 1) ]
1535 [ 0 1 ] [ (DC 0 1) (RT 1 1) ]
1536 [ 0 1 ] [ (CV 0 1) (CV 1 0) ]
1539 [ 0 1 ] [ (CV 0 1) ]
1545 [ 0 ] [ (DC 0 0) ]
1547 [ 1 ] [ (DC 1 1) ]
1548 [ 0 1 ] [ (EC 1 0) ]
1549 [ 0 1 ] [ (DC 1 0) ]
1553 [ 1 ] [ (DC 1 1) ]
1556 [ 0 ] [ (RT 0 0) ]
1557 [ 0 1 ] [ (EC 0 0) (EC 1 1) ]
1558 [ 1 ] [ (EC 1 1) ]
1559 [ 1 ] [ (EC 1 1) ]
1561 [ 0 1 ] [ (CV 0 1) (EC 1 1) ]
1562 [ 0 1 ] [ (DC 1 0) ]
1563 [ 0 ] [ (RT 0 0) ]
1566 [ 0 1 ] [ (EC 1 0) ]
1567 [ 0 1 ] [ (DC 1 0) ]
1568 [ 0 ] [ (EC 0 0) ]
1570 [ 0 ] [ (RT 0 0) ]
1575 [ 0 1 ] [ (CV 0 1) ]
1576 [ 1 ] [ (RT 1 1) ]
1577 [ 0 1 ] [ (RT 0 0) (EC 1 0) ]
1580 [ 0 ] [ (EC 0 0) ]
1582 [ 0 1 ] [ (CV 1 0) ]
1583 [ 0 ] [ (DC 0 0) ]
1584 [ 0 1 ] [ (RT 0 0) (EC 1 0) ]
1585 [ 0 1 ] [ (DC 1 0) ]
1586 [ 0 1 ] [ (DC 0 1) ]
1588 [ 1 ] [ (RT 1 1) ]
1589 [ 0 1 ] [ (CV 0 1) (CV 1 0) ]
1591 [ 0 1 ] [ (DC 0 1) ]
1593 [ 0 ] [ (DC 0 0) ]
1596 [ 0 1 ] [ (DC 0 1) ]
1597 [ 0 1 ] [ (CV 1 0) ]
1598 [ 0 ] [ (DC 0 0) ]
1600 [ 0 1 ] [ (CV 0 1) ]
1602 [ 0 1 ] [ (EC 1 0) ]
1603 [ 0 1 ] [ (DC 1 0) ]
1608 [ 0 1 ] [ (DC 0 1) ]
1611 [ 1 ] [ (EC 1 1) ]
1612 [ 1 ] [ (EC 1 1) ]
1613 [ 0 1 ] [ (EC 1 0) ]
1614 [ 1 ] [ (EC 1 1) ]
1616 [ 0 ] [ (RT 0 0) ]
1620 [ 0 1 ] [ (CV 1 0) (EC 1 0) ]
1621 [ 0 1 ] [ (DC 1 0) ]
1623 [ 0 ] [ (RT 0 0) ]
1626 [ 0 ] [ (EC 0 0) ]
1629 [ 0 1 ] [ (EC 0 1) ]
1630 [ 0 ] [ (RT 0 0) ]
1631 [ 0 ] [ (DC 0 0) ]
1634 [ 0 1 ] [ (DC 1 0) ]
1635 [ 0 1 ] [ (CV 1 0) ]
1637 [ 0 ] [ (RT 0 0) (EC 0 0) ]
1638 [ 0 1 ] [ (EC 1 0) ]
1639 [ 0 1 ] [ (DC 1 0) ]
1641 [ 1 ] [ (RT 1 1) ]
1643 [ 0 ] [ (EC 0 0) ]
1649 [ 0 1 ] [ (EC 0 0) (EC 1 0) ]
1650 [ 0 1 ] [ (CV 0 1) (CV 1 0) ]
1652 [ 0 1 ] [ (DC 0 1) (DC 1 1) ]
1655 [ 1 ] [ (DC 1 1) ]
1656 [ 0 1 ] [ (EC 1 0) ]
1657 [ 0 1 ] [ (DC 0 1) (DC 1 0) ]
1658 [ 1 ] [ (DC 1 1) ]
1659 [ 0 ] [ (DC 0 0) ]
1661 [ 1 ] [ (DC 1 1) ]
1664 [ 0 1 ] [ (CV 0 1) (EC 1 1) ]
1665 [ 0 1 ] [ (CV 1 0) (EC 1 1) ]
1666 [ 1 ] [ (EC 1 1) ]
1669 [ 0 ] [ (RT 0 0) (DC 0 0) ]
1670 [ 0 1 ] [ (DC 1 0) ]
1671 [ 1 ] [ (RT 1 1) ]
1672 [ 0 ] [ (EC 0 0) ]
1674 [ 0 1 ] [ (DC 0 1) ]
1675 [ 0 1 ] [ (CV 0 1) (DC 1 0) ]
1676 [ 0 ] [ (RT 0 0) ]
1679 [ 0 1 ] [ (EC 0 1) ]
1685 [ 0 1 ] [ (EC 1 0) ]
1686 [ 1 ] [ (DC 1 1) ]
1688 [ 0 1 ] [ (EC 0 1) ]
1692 [ 0 1 ] [ (EC 1 0) ]
1694 [ 1 ] [ (RT 1 1) ]
1695 [ 0 ] [ (EC 0 0) ]
1696 [ 0 1 ] [ (DC 0 1) ]
1697 [ 0 1 ] [ (DC 0 0) (EC 0 1) ]
1702 [ 0 ] [ (DC 0 0) ]
1703 [ 0 1 ] [ (CV 1 0) (EC 1 0) ]
1706 [ 0 1 ] [ (DC 1 0) ]
1707 [ 0 ] [ (DC 0 0) ]
1711 [ 0 1 ] [ (CV 1 0) (DC 1 0) ]
1712 [ 1 ] [ (RT 1 1) ]
1714 [ 0 1 ] [ (CV 0 1) ]
1717 [ 1 ] [ (EC 1 1) ]
1718 [ 0 1 ] [ (EC 0 0) (RT 1 1) (EC 1 1) ]
1719 [ 1 ] [ (EC 1 1) ]
1722 [ 0 1 ] [ (EC 0 1) ]
1723 [ 1 ] [ (DC 1 1) ]
1724 [ 1 ] [ (RT 1 1) ]
1725 [ 0 1 ] [ (CV 0 1) ]
1726 [ 0 1 ] [ (CV 1 0) ]
1728 [ 0 1 ] [ (EC 1 0) ]
1729 [ 1 ] [ (DC 1 1) ]
1730 [ 1 ] [ (RT 1 1) ]
1733 [ 0 1 ] [ (CV 1 0) ]
1735 [ 0 ] [ (DC 0 0) ]
1739 [ 0 1 ] [ (CV 0 1) ]
1740 [ 0 ] [ (DC 0 0) ]
1741 [ 0 1 ] [ (EC 0 0) (CV 1 0) ]
1747 [ 0 1 ] [ (DC 0 1) (DC 1 0) ]
1749 [ 0 1 ] [ (EC 0 1) ]
1750 [ 0 ] [ (RT 0 0) ]
1756 [ 0 1 ] [ (CV 1 0) ]
1757 [ 0 1 ] [ (DC 0 1) ]
1760 [ 0 1 ] [ (DC 1 0) ]
1764 [ 0 ] [ (EC 0 0) ]
1765 [ 0 1 ] [ (EC 0 1) ]
1766 [ 1 ] [ (DC 1 1) ]
1768 [ 1 ] [ (EC 1 1) ]
1769 [ 0 1 ] [ (DC 0 1) (EC 1 1) ]
1771 [ 0 1 ] [ (EC 1 0) (RT 1 1) (EC 1 1) ]
1773 [ 0 ] [ (DC 0 0) ]
1774 [ 0 1 ] [ (EC 0 1) (DC 0 1) ]
1777 [ 1 ] [ (RT 1 1) ]
1778 [ 0 1 ] [ (DC 0 0) (DC 1 0) ]
1779 [ 0 1 ] [ (CV 1 0) ]
1783 [ 0 1 ] [ (EC 0 1) (DC 1 0) (RT 1 1) ]
1787 [ 0 ] [ (EC 0 0) ]
1791 [ 0 1 ] [ (DC 0 1) ]
1794 [ 1 ] [ (DC 1 1) ]
1796 [ 0 1 ] [ (RT 0 0) (DC 0 1) ]
1800 [ 0 1 ] [ (EC 1 0) ]
1803 [ 0 ] [ (RT 0 0) ]
1808 [ 0 1 ] [ (EC 0 1) (DC 0 1) ]
1810 [ 0 ] [ (RT 0 0) (EC 0 0) ]
1814 [ 0 1 ] [ (CV 0 1) ]
1817 [ 0 1 ] [ (RT 0 0) (CV 1 0) ]
1818 [ 0 1 ] [ (DC 0 1) ]
1819 [ 0 1 ] [ (DC 1 0) ]
1821 [ 0 ] [ (EC 0 0) (DC 0 0) ]
1822 [ 1 ] [ (EC 1 1) ]
1823 [ 1 ] [ (EC 1 1) ]
1825 [ 0 1 ] [ (EC 1 0) (EC 1 1) ]
1826 [ 0 1 ] [ (EC 0 1) ]
1827 [ 0 ] [ (EC 0 0) ]
1828 [ 1 ] [ (DC 1 1) ]
1832 [ 0 1 ] [ (DC 1 0) ]
1833 [ 0 ] [ (EC 0 0) ]
1834 [ 1 ] [ (DC 1 1) ]
1836 [ 0 1 ] [ (EC 1 0) ]
1837 [ 0 1 ] [ (DC 1 0) ]
1842 [ 0 1 ] [ (EC 0 1) (RT 1 1) ]
1843 [ 0 1 ] [ (EC 1 0) ]
1844 [ 0 ] [ (DC 0 0) ]
1848 [ 1 ] [ (RT 1 1) ]
1849 [ 0 ] [ (DC 0 0) ]
1850 [ 0 1 ] [ (EC 0 0) (DC 1 0) ]
1851 [ 0 1 ] [ (EC 0 1) ]
1853 [ 0 1 ] [ (CV 0 1) ]
1854 [ 0 ] [ (DC 0 0) ]
1859 [ 0 ] [ (DC 0 0) ]
1860 [ 0 1 ] [ (EC 0 1) (DC 1 0) ]
1864 [ 0 1 ] [ (CV 0 1) ]
1865 [ 1 ] [ (DC 1 1) ]
1868 [ 1 ] [ (DC 1 1) ]
1870 [ 0 ] [ (RT 0 0) ]
1871 [ 1 ] [ (DC 1 1) ]
1873 [ 0 ] [ (EC 0 0) ]
1874 [ 0 1 ] [ (DC 0 1) (EC 1 1) ]
1875 [ 1 ] [ (EC 1 1) ]
1876 [ 1 ] [ (EC 1 1) ]
1877 [ 0 1 ] [ (RT 0 0) (CV 1 0) (RT 1 1) ]
1878 [ 1 ] [ (EC 1 1) ]
1879 [ 0 1 ] [ (EC 1 0) ]
1885 [ 0 1 ] [ (EC 0 1) ]
1889 [ 1 ] [ (RT 1 1) ]
1890 [ 0 1 ] [ (EC 1 0) ]
1891 [ 0 1 ] [ (DC 0 1) (DC 1 0) ]
1895 [ 1 ] [ (RT 1 1) ]
1896 [ 0 1 ] [ (DC 0 1) ]
1899 [ 1 ] [ (DC 1 1) ]
1901 [ 1 ] [ (RT 1 1) ]
1902 [ 0 ] [ (RT 0 0) (EC 0 0) ]
1903 [ 0 1 ] [ (CV 0 1) (EC 0 1) ]
1908 [ 0 1 ] [ (EC 1 0) ]
1909 [ 0 1 ] [ (RT 0 0) (DC 1 0) ]
1913 [ 1 ] [ (RT 1 1) ]
1914 [ 0 1 ] [ (CV 0 1) (DC 1 0) ]
1915 [ 0 1 ] [ (CV 1 0) (EC 1 0) ]
1917 [ 0 1 ] [ (CV 0 1) ]
1919 [ 0 ] [ (EC 0 0) ]
1923 [ 0 1 ] [ (RT 0 0) (CV 1 0) ]
1925 [ 0 ] [ (EC 0 0) ]
1926 [ 0 1 ] [ (EC 1 0) ]
1929 [ 1 ] [ (EC 1 1) ]
1930 [ 1 ] [ (EC 1 1) ]
1931 [ 1 ] [ (EC 1 1) ]
1932 [ 0 1 ] [ (DC 1 0) ]
1933 [ 0 1 ] [ (EC 1 0) (DC 1 1) ]
1935 [ 0 1 ] [ (DC 0 1) ]
1936 [ 1 ] [ (DC 1 1) ]
1937 [ 0 1 ] [ (EC 0 1) ]
1938 [ 0 1 ] [ (CV 1 0) ]
1939 [ 0 1 ] [ (CV 0 1) ]
1942 [ 0 1 ] [ (EC 0 0) (CV 0 1) (RT 1 1) ]
1944 [ 0 1 ] [ (EC 1 0) ]
1946 [ 0 1 ] [ (EC 0 1) ]
1948 [ 0 ] [ (EC 0 0) ]
1951 [ 0 1 ] [ (EC 1 0) ]
1953 [ 0 1 ] [ (CV 0 1) ]
1961 [ 0 1 ] [ (CV 1 0) ]
1962 [ 0 1 ] [ (RT 0 0) (EC 0 1) ]
1963 [ 0 1 ] [ (DC 0 0) (DC 1 0) ]
1964 [ 0 1 ] [ (CV 0 1) ]
1967 [ 0 1 ] [ (CV 0 1) (DC 1 1) ]
1968 [ 0 1 ] [ (CV 1 0) ]
1969 [ 0 1 ] [ (RT 0 0) (DC 0 1) ]
1971 [ 0 1 ] [ (EC 0 1) ]
1973 [ 0 1 ] [ (DC 0 0) (DC 1 1) ]
1976 [ 0 ] [ (RT 0 0) ]
1978 [ 0 1 ] [ (CV 0 1) ]
1979 [ 1 ] [ (EC 1 1) ]
1980 [ 0 1 ] [ (EC 1 0) (EC 1 1) ]
1981 [ 0 1 ] [ (DC 1 0) ]
1983 [ 0 1 ] [ (RT 0 0) (EC 1 1) ]
1986 [ 0 1 ] [ (DC 1 0) ]
1987 [ 0 1 ] [ (EC 1 0) ]
1989 [ 0 1 ] [ (CV 0 1) ]
1991 [ 0 1 ] [ (CV 1 0) ]
1994 [ 0 ] [ (EC 0 0) ]
1996 [ 0 1 ] [ (EC 0 1) (DC 0 1) ]
1999 [ 0 1 ] [ (CV 1 0) (DC 1 0) ]
2001 [ 0 ] [ (DC 0 0) ]
2003 [ 0 1 ] [ (CV 0 1) ]
2004 [ 0 1 ] [ (DC 1 0) ]
2005 [ 0 1 ] [ (EC 1 0) ]
2007 [ 1 ] [ (RT 1 1) (DC 1 1) ]
2010 [ 1 ] [ (DC 1 1) ]
2011 [ 0 ] [ (DC 0 0) ]
2013 [ 0 1 ] [ (DC 0 1) ]
2015 [ 0 ] [ (RT 0 0) ]
2017 [ 0 1 ] [ (EC 0 0) (CV 0 1) ]
2022 [ 0 ] [ (RT 0 0) ]
2023 [ 0 1 ] [ (EC 0 1) (EC 1 0) ]
2028 [ 0 1 ] [ (CV 0 1) ]
2029 [ 0 1 ] [ (RT 0 0) (CV 1 0) ]
2031 [ 1 ] [ (RT 1 1) ]
2032 [ 0 1 ] [ (EC 0 1) ]
2034 [ 1 ] [ (EC 1 1) ]
2035 [ 0 1 ] [ (DC 1 0) ]
2036 [ 0 1 ] [ (RT 0 0) (EC 1 1) ]
2037 [ 1 ] [ (EC 1 1) ]
2039 [ 0 1 ] [ (EC 0 1) ]
2040 [ 0 ] [ (EC 0 0) ]
2041 [ 0 1 ] [ (EC 1 0) ]
2042 [ 0 1 ] [ (CV 0 1) ]
2044 [ 0 1 ] [ (DC 0 0) (DC 1 1) ]
2048 [ 0 1 ] [ (EC 0 1) ]
2049 [ 0 ] [ (DC 0 0) ]
2052 [ 0 1 ] [ (CV 1 0) (EC 1 0) (DC 0 1) ]
2053 [ 0 1 ] [ (CV 0 1) (DC 1 0) ]
2057 [ 0 1 ] [ (EC 0 0) (DC 0 1) ]
2058 [ 0 1 ] [ (DC 1 0) ]
2059 [ 0 1 ] [ (CV 1 0) ]
2060 [ 1 ] [ (RT 1 1) ]
2063 [ 0 ] [ (EC 0 0) ]
2066 [ 1 ] [ (RT 1 1) ]
2067 [ 0 1 ] [ (CV 0 1) ]
2072 [ 0 1 ] [ (DC 0 0) (DC 1 1) ]
2075 [ 0 ] [ (RT 0 0) ]
2077 [ 0 ] [ (DC 0 0) ]
2078 [ 0 1 ] [ (CV 0 1) (RT 1 1) ]
2081 [ 0 1 ] [ (CV 0 1) ]
2082 [ 0 1 ] [ (DC 0 0) (CV 1 0) (EC 0 1) ]
2085 [ 1 ] [ (EC 1 1) ]
2086 [ 0 ] [ (EC 0 0) ]
2087 [ 0 1 ] [ (DC 0 0) (EC 1 1) ]
2088 [ 1 ] [ (EC 1 1) ]
2089 [ 0 1 ] [ (RT 0 0) (DC 1 0) (EC 1 1) ]
2090 [ 1 ] [ (RT 1 1) ]
2091 [ 0 1 ] [ (DC 0 1) ]
2092 [ 0 1 ] [ (EC 0 0) (CV 0 1) ]
2094 [ 0 1 ] [ (DC 1 0) ]
2095 [ 0 1 ] [ (EC 1 0) ]
2096 [ 0 1 ] [ (RT 0 0) (DC 0 1) (RT 1 1) ]
2097 [ 0 1 ] [ (CV 1 0) ]
2100 [ 0 1 ] [ (EC 0 1) ]
2107 [ 0 1 ] [ (DC 1 0) ]
2109 [ 1 ] [ (DC 1 1) ]
2110 [ 0 ] [ (RT 0 0) ]
2112 [ 0 1 ] [ (CV 1 0) (DC 1 0) ]
2115 [ 0 1 ] [ (DC 0 0) (DC 1 1) ]
2116 [ 0 1 ] [ (EC 0 1) ]
2117 [ 0 1 ] [ (CV 0 1) ]
2120 [ 0 1 ] [ (EC 1 0) ]
2125 [ 0 1 ] [ (EC 0 1) (DC 1 0) ]
2128 [ 0 1 ] [ (CV 0 1) ]
2130 [ 0 1 ] [ (DC 1 0) ]
2131 [ 0 1 ] [ (CV 0 1) (EC 1 0) (RT 1 1) ]
2132 [ 0 ] [ (EC 0 0) ]
2134 [ 0 1 ] [ (EC 0 1) ]
2135 [ 0 1 ] [ (RT 0 0) (DC 0 1) ]
2137 [ 1 ] [ (RT 1 1) (EC 1 1) ]
2138 [ 0 1 ] [ (EC 1 0) (EC 1 1) ]
2141 [ 1 ] [ (EC 1 1) ]
2143 [ 0 1 ] [ (CV 1 0) (EC 0 1) ]
2146 [ 1 ] [ (DC 1 1) ]
2149 [ 0 1 ] [ (RT 0 0) (RT 1 1) (DC 1 1) ]
2152 [ 0 1 ] [ (DC 0 1) (DC 1 1) ]
2153 [ 0 1 ] [ (DC 0 0) (CV 0 1) ]
2155 [ 0 1 ] [ (EC 0 0) (RT 1 1) ]
2156 [ 0 1 ] [ (CV 0 1) ]
2157 [ 0 1 ] [ (DC 0 1) ]
2158 [ 0 1 ] [ (DC 0 0) (CV 1 0) ]
2159 [ 0 1 ] [ (EC 0 1) ]
2163 [ 0 ] [ (RT 0 0) ]
2167 [ 0 1 ] [ (CV 0 1) (EC 1 0) ]
2174 [ 0 1 ] [ (DC 0 1) ]
2177 [ 0 1 ] [ (EC 0 1) (DC 1 1) ]
2178 [ 0 1 ] [ (EC 0 0) (CV 0 1) ]
2181 [ 0 1 ] [ (CV 0 1) ]
2184 [ 0 1 ] [ (EC 0 0) (RT 1 1) ]
2186 [ 1 ] [ (DC 1 1) ]
2188 [ 0 1 ] [ (CV 1 0) ]
2190 [ 1 ] [ (RT 1 1) (EC 1 1) ]
2191 [ 1 ] [ (EC 1 1) ]
2192 [ 0 1 ] [ (CV 0 1) (EC 1 1) ]
2193 [ 0 1 ] [ (EC 0 1) ]
2194 [ 1 ] [ (EC 1 1) ]
2195 [ 0 1 ] [ (RT 0 0) (EC 0 0) (EC 1 1) ]
2196 [ 0 1 ] [ (CV 1 0) (RT 1 1) ]
2201 [ 0 ] [ (EC 0 0) (DC 0 0) ]
2202 [ 0 1 ] [ (RT 0 0) (EC 0 1) (DC 1 0) ]
2206 [ 0 1 ] [ (CV 0 1) ]
2208 [ 1 ] [ (RT 1 1) ]
2209 [ 0 ] [ (RT 0 0) ]
2211 [ 0 1 ] [ (CV 1 0) ]
2213 [ 0 1 ] [ (DC 0 1) ]
2214 [ 1 ] [ (RT 1 1) ]
2215 [ 0 1 ] [ (DC 1 0) ]
2218 [ 0 1 ] [ (DC 0 1) ]
2220 [ 0 1 ] [ (DC 1 0) (DC 1 1) ]
2221 [ 0 1 ] [ (EC 1 0) ]
2224 [ 0 ] [ (DC 0 0) ]
2226 [ 0 1 ] [ (CV 1 0) (RT 1 1) ]
2228 [ 0 1 ] [ (EC 1 0) ]
2231 [ 0 1 ] [ (CV 0 1) ]
2233 [ 0 1 ] [ (DC 1 0) ]
2234 [ 0 ] [ (DC 0 0) ]
2235 [ 0 1 ] [ (DC 0 1) ]
2239 [ 0 1 ] [ (DC 0 0) (EC 1 0) ]
2241 [ 0 1 ] [ (CV 1 0) ]
2246 [ 0 1 ] [ (EC 1 0) (EC 1 1) ]
2247 [ 0 ] [ (EC 0 0) ]
2248 [ 0 1 ] [ (RT 0 0) (EC 1 1) ]
2249 [ 1 ] [ (RT 1 1) ]
2253 [ 0 ] [ (EC 0 0) ]
2254 [ 0 1 ] [ (EC 0 1) (DC 1 1) ]
2255 [ 1 ] [ (RT 1 1) ]
2256 [ 0 1 ] [ (CV 0 1) (DC 1 0) ]
2261 [ 1 ] [ (RT 1 1) ]
2262 [ 0 ] [ (RT 0 0) (DC 0 0) ]
2264 [ 0 1 ] [ (CV 1 0) ]
2269 [ 0 ] [ (RT 0 0) ]
2273 [ 1 ] [ (RT 1 1) ]
2275 [ 0 1 ] [ (EC 1 0) ]
2276 [ 0 ] [ (EC 0 0) ]
2279 [ 0 1 ] [ (CV 1 0) (EC 0 1) (DC 0 1) (DC 1 0) (RT 1 1) ]
2281 [ 0 1 ] [ (CV 0 1) ]
2282 [ 0 1 ] [ (EC 1 0) ]
2283 [ 0 ] [ (RT 0 0) ]
2285 [ 1 ] [ (RT 1 1) (DC 1 1) ]
2288 [ 0 1 ] [ (EC 0 1) (DC 1 1) ]
2291 [ 1 ] [ (DC 1 1) ]
2292 [ 0 1 ] [ (CV 0 1) (DC 1 0) ]
2293 [ 0 1 ] [ (EC 1 0) ]
2294 [ 0 1 ] [ (CV 1 0) ]
2295 [ 0 1 ] [ (CV 0 1) (EC 1 1) ]
2298 [ 1 ] [ (EC 1 1) ]
2299 [ 1 ] [ (EC 1 1) ]
2300 [ 0 1 ] [ (DC 0 0) (EC 1 1) ]
2305 [ 0 ] [ (DC 0 0) ]
2306 [ 0 1 ] [ (CV 0 1) (EC 0 1) ]
2309 [ 0 1 ] [ (CV 1 0) ]
2310 [ 0 ] [ (DC 0 0) ]
2314 [ 1 ] [ (RT 1 1) ]
2315 [ 0 1 ] [ (DC 0 0) (DC 1 0) ]
2317 [ 0 1 ] [ (CV 0 1) ]
2318 [ 0 1 ] [ (DC 0 1) ]
2319 [ 1 ] [ (DC 1 1) ]
2322 [ 0 1 ] [ (RT 0 0) (EC 0 1) ]
2326 [ 1 ] [ (RT 1 1) ]
2328 [ 0 1 ] [ (DC 1 0) ]
2329 [ 0 ] [ (RT 0 0) ]
2331 [ 0 1 ] [ (EC 0 1) ]
2336 [ 0 1 ] [ (RT 0 0) (EC 1 0) ]
2338 [ 1 ] [ (RT 1 1) ]
2340 [ 0 1 ] [ (EC 0 1) ]
2344 [ 1 ] [ (RT 1 1) ]
2347 [ 0 1 ] [ (CV 1 0) ]
2348 [ 0 1 ] [ (DC 0 0) (EC 1 1) ]
2350 [ 1 ] [ (EC 1 1) ]
2351 [ 1 ] [ (EC 1 1) ]
2352 [ 0 1 ] [ (DC 0 1) ]
2353 [ 1 ] [ (DC 1 1) ]
2354 [ 0 1 ] [ (EC 1 0) ]
2355 [ 0 1 ] [ (CV 1 0) ]
2356 [ 0 1 ] [ (EC 0 1) (DC 1 1) ]
2357 [ 0 1 ] [ (DC 0 1) ]
2359 [ 1 ] [ (DC 1 1) ]
2361 [ 0 ] [ (RT 0 0) ]
2365 [ 0 1 ] [ (EC 0 1) ]
2368 [ 0 ] [ (EC 0 0) ]
2370 [ 0 1 ] [ (CV 0 1) ]
2371 [ 0 ] [ (DC 0 0) ]
2372 [ 0 1 ] [ (EC 1 0) ]
2374 [ 0 1 ] [ (EC 0 1) (DC 0 1) ]
2375 [ 0 ] [ (RT 0 0) ]
2376 [ 0 ] [ (DC 0 0) ]
2379 [ 0 1 ] [ (DC 0 1) ]
2381 [ 0 1 ] [ (CV 0 1) ]
2382 [ 0 ] [ (RT 0 0) ]
2385 [ 1 ] [ (RT 1 1) ]
2389 [ 0 ] [ (RT 0 0) ]
2390 [ 0 1 ] [ (EC 0 1) (EC 1 0) (DC 1 1) ]
2392 [ 0 1 ] [ (CV 0 1) ]
2393 [ 0 1 ] [ (CV 1 0) (DC 1 1) ]
2395 [ 0 1 ] [ (CV 0 1) ]
2397 [ 1 ] [ (RT 1 1) ]
2399 [ 0 1 ] [ (EC 0 1) ]
2400 [ 0 1 ] [ (DC 1 0) ]
2403 [ 1 ] [ (RT 1 1) ]
2405 [ 0 1 ] [ (DC 1 0) (EC 1 1) ]
2408 [ 0 1 ] [ (EC 0 0) (EC 1 0) ]
2409 [ 0 ] [ (DC 0 0) ]
2413 [ 0 1 ] [ (DC 0 1) ]
2414 [ 0 ] [ (EC 0 0) (DC 0 0) ]
2418 [ 0 1 ] [ (DC 0 1) (DC 1 0) ]
2423 [ 0 1 ] [ (CV 1 0) (DC 1 0) ]
2424 [ 0 1 ] [ (DC 0 0) (DC 1 1) ]
2428 [ 0 ] [ (RT 0 0) ]
2430 [ 1 ] [ (DC 1 1) ]
2431 [ 0 1 ] [ (CV 0 1) (CV 1 0) ]
2435 [ 0 1 ] [ (DC 0 1) ]
2440 [ 0 1 ] [ (DC 0 1) ]
2441 [ 0 1 ] [ (DC 1 0) ]
2442 [ 0 1 ] [ (EC 0 1) ]
2444 [ 0 1 ] [ (EC 1 0) ]
2446 [ 0 1 ] [ (CV 1 0) ]
2449 [ 0 ] [ (RT 0 0) ]
2450 [ 1 ] [ (RT 1 1) ]
2452 [ 0 ] [ (DC 0 0) ]
2455 [ 1 ] [ (EC 1 1) ]
2456 [ 0 1 ] [ (RT 0 0) (CV 0 1) (RT 1 1) ]
2457 [ 0 1 ] [ (DC 0 1) ]
2460 [ 0 1 ] [ (EC 0 0) (EC 0 1) ]
2461 [ 0 1 ] [ (CV 1 0) (DC 1 1) ]
2462 [ 0 1 ] [ (DC 0 0) (EC 1 0) ]
2464 [ 1 ] [ (DC 1 1) ]
2469 [ 0 1 ] [ (EC 1 0) ]
2470 [ 0 1 ] [ (CV 0 1) ]
2474 [ 0 1 ] [ (DC 0 1) ]
2476 [ 0 1 ] [ (CV 1 0) ]
2477 [ 0 1 ] [ (DC 1 0) ]
2481 [ 0 1 ] [ (RT 0 0) (CV 0 1) ]
2485 [ 0 1 ] [ (EC 0 1) ]
2487 [ 0 1 ] [ (EC 1 0) ]
2488 [ 0 ] [ (RT 0 0) ]
2490 [ 0 1 ] [ (DC 0 0) (DC 1 0) ]
2495 [ 0 1 ] [ (RT 0 0) (DC 0 0) (CV 0 1) (DC 1 0) (DC 1 1) ]
2496 [ 0 1 ] [ (DC 0 1) ]
2498 [ 1 ] [ (DC 1 1) ]
2500 [ 0 ] [ (DC 0 0) ]
2501 [ 1 ] [ (DC 1 1) ]
2503 [ 1 ] [ (RT 1 1) ]
2505 [ 0 1 ] [ (EC 1 0) ]
2506 [ 0 ] [ (EC 0 0) ]
2507 [ 1 ] [ (EC 1 1) ]
2509 [ 0 1 ] [ (RT 0 0) (EC 1 1) ]
2510 [ 1 ] [ (EC 1 1) ]
2513 [ 0 1 ] [ (DC 1 0) ]
2514 [ 0 1 ] [ (CV 1 0) ]
2515 [ 1 ] [ (RT 1 1) ]
2516 [ 0 ] [ (RT 0 0) ]
2518 [ 0 1 ] [ (DC 0 1) ]
2519 [ 0 1 ] [ (EC 0 1) ]
2521 [ 1 ] [ (RT 1 1) ]
2523 [ 0 1 ] [ (DC 0 0) (EC 1 0) ]
2528 [ 0 1 ] [ (EC 0 1) ]
2529 [ 0 1 ] [ (EC 0 0) (DC 1 1) ]
2534 [ 0 1 ] [ (RT 0 0) (CV 0 1) ]
2535 [ 0 1 ] [ (DC 0 1) ]
2538 [ 1 ] [ (DC 1 1) ]
2541 [ 0 ] [ (RT 0 0) ]
2544 [ 0 1 ] [ (DC 1 0) ]
2545 [ 0 1 ] [ (CV 0 1) ]
2553 [ 0 1 ] [ (EC 0 1) ]
2561 [ 1 ] [ (EC 1 1) ]
2562 [ 0 1 ] [ (RT 0 0) (EC 1 1) ]
2563 [ 1 ] [ (EC 1 1) (DC 1 1) ]
2566 [ 0 1 ] [ (DC 0 0) (DC 1 1) ]
2567 [ 0 1 ] [ (CV 1 0) (DC 1 0) ]
2568 [ 1 ] [ (RT 1 1) ]
2569 [ 0 ] [ (EC 0 0) ]
2570 [ 0 1 ] [ (CV 0 1) ]
2574 [ 0 1 ] [ (DC 0 1) (RT 1 1) ]
2576 [ 0 ] [ (DC 0 0) ]
2577 [ 0 1 ] [ (EC 1 0) ]
2579 [ 0 1 ] [ (DC 0 1) ]
2580 [ 0 1 ] [ (EC 0 1) (DC 1 0) (RT 1 1) ]
2584 [ 0 1 ] [ (CV 0 1) ]
2586 [ 1 ] [ (RT 1 1) ]
2588 [ 0 1 ] [ (EC 1 0) ]
2590 [ 0 1 ] [ (CV 1 0) ]
2591 [ 0 1 ] [ (DC 0 1) ]
2592 [ 0 1 ] [ (EC 0 0) (RT 1 1) ]
2594 [ 0 ] [ (RT 0 0) ]
2597 [ 0 1 ] [ (CV 1 0) (DC 1 1) ]
2598 [ 0 1 ] [ (DC 1 0) ]
2600 [ 1 ] [ (DC 1 1) ]
2601 [ 0 ] [ (RT 0 0) ]
2603 [ 0 1 ] [ (DC 1 0) ]
2604 [ 0 ] [ (DC 0 0) ]
2605 [ 0 1 ] [ (CV 1 0) ]
2606 [ 0 1 ] [ (CV 0 1) ]
2608 [ 0 ] [ (RT 0 0) ]
2609 [ 0 1 ] [ (DC 0 0) (DC 1 1) ]
2613 [ 0 1 ] [ (EC 1 0) (EC 1 1) ]
2614 [ 0 1 ] [ (DC 0 0) (EC 1 1) ]
2615 [ 0 1 ] [ (EC 0 0) (EC 1 1) ]
2616 [ 1 ] [ (EC 1 1) ]
2620 [ 0 1 ] [ (CV 0 1) (CV 1 0) ]
2621 [ 0 ] [ (EC 0 0) ]
2624 [ 0 1 ] [ (EC 1 0) ]
2631 [ 0 1 ] [ (EC 1 0) ]
2635 [ 0 1 ] [ (CV 1 0) ]
2637 [ 0 1 ] [ (DC 0 0) (DC 1 1) ]
2639 [ 0 1 ] [ (EC 0 1) (DC 1 0) (RT 1 1) ]
2640 [ 0 1 ] [ (DC 0 1) (DC 1 1) ]
2642 [ 0 1 ] [ (DC 0 0) (EC 1 0) ]
2645 [ 0 1 ] [ (CV 0 1) (RT 1 1) ]
2647 [ 0 ] [ (DC 0 0) ]
2649 [ 0 1 ] [ (EC 1 0) ]
2651 [ 1 ] [ (RT 1 1) ]
2652 [ 0 1 ] [ (DC 0 0) (DC 0 1) (DC 1 0) ]
2654 [ 0 ] [ (RT 0 0) ]
2657 [ 0 1 ] [ (DC 1 0) ]
2658 [ 0 1 ] [ (CV 1 0) ]
2661 [ 0 ] [ (RT 0 0) (EC 0 0) ]
2668 [ 1 ] [ (EC 1 1) ]
2670 [ 1 ] [ (EC 1 1) ]
3891 [ 0 1 ] [ (DC 0 0) (EC 0 1) (RT 1 1) ]
3893 [ 0 1 ] [ (CV 0 1) ]
3894 [ 0 1 ] [ (EC 1 0) ]
3896 [ 0 1 ] [ (DC 1 0) ]
3897 [ 1 ] [ (RT 1 1) ]
3901 [ 0 1 ] [ (DC 0 0) (EC 1 0) (DC 0 1) ]
3907 [ 0 1 ] [ (CV 0 1) (EC 0 1) ]
3914 [ 0 1 ] [ (DC 1 0) ]
3916 [ 0 1 ] [ (EC 0 1) ]
3918 [ 0 ] [ (RT 0 0) ]
3924 [ 0 1 ] [ (CV 1 0) ]
3925 [ 0 1 ] [ (EC 0 1) ]
3927 [ 0 1 ] [ (DC 1 0) ]
3929 [ 0 ] [ (DC 0 0) ]
3931 [ 0 1 ] [ (CV 1 0) ]
3932 [ 0 1 ] [ (CV 0 1) (DC 1 0) (RT 1 1) ]
3934 [ 0 1 ] [ (EC 0 1) ]
3935 [ 1 ] [ (EC 1 1) ]
3936 [ 1 ] [ (EC 1 1) ]
3938 [ 1 ] [ (RT 1 1) ]
3939 [ 0 1 ] [ (RT 0 0) (CV 1 0) ]
3944 [ 0 1 ] [ (EC 1 0) (RT 1 1) ]
3950 [ 0 1 ] [ (EC 0 1) (RT 1 1) ]
3954 [ 0 1 ] [ (CV 1 0) ]
3955 [ 0 1 ] [ (EC 1 0) ]
3962 [ 0 ] [ (DC 0 0) ]
3965 [ 1 ] [ (DC 1 1) ]
3968 [ 0 1 ] [ (CV 0 1) (EC 0 1) (DC 1 1) ]
3972 [ 0 ] [ (DC 0 0) ]
3974 [ 1 ] [ (DC 1 1) ]
3977 [ 0 1 ] [ (CV 1 0) (EC 0 1) ]
3978 [ 0 ] [ (RT 0 0) ]
3982 [ 0 1 ] [ (CV 0 1) ]
3984 [ 0 1 ] [ (EC 0 0) (EC 0 1) (DC 0 1) ]
3990 [ 0 1 ] [ (EC 0 0) (EC 1 1) ]
3991 [ 0 1 ] [ (EC 1 0) (RT 1 1) ]
3992 [ 0 ] [ (RT 0 0) ]
3993 [ 0 1 ] [ (CV 0 1) (EC 0 1) ]
3999 [ 0 ] [ (RT 0 0) ]
4000 [ 0 ] [ (DC 0 0) ]
4002 [ 0 1 ] [ (EC 0 1) ]
4003 [ 1 ] [ (RT 1 1) ]
4007 [ 0 1 ] [ (CV 0 1) (CV 1 0) ]
4010 [ 0 ] [ (DC 0 0) ]
4011 [ 0 1 ] [ (EC 0 1) ]
4013 [ 0 ] [ (RT 0 0) (EC 0 0) ]
4015 [ 0 1 ] [ (CV 1 0) (RT 1 1) ]
4021 [ 0 1 ] [ (CV 0 1) ]
4022 [ 0 1 ] [ (CV 1 0) ]
4023 [ 0 1 ] [ (DC 0 1) ]
4027 [ 0 1 ] [ (EC 0 1) (EC 1 0) (RT 1 1) ]
4030 [ 0 ] [ (EC 0 0) ]
4032 [ 0 1 ] [ (CV 0 1) ]
4033 [ 0 ] [ (DC 0 0) ]
4034 [ 0 1 ] [ (EC 1 0) ]
4035 [ 0 1 ] [ (DC 1 0) ]
4036 [ 0 1 ] [ (EC 0 1) ]
4038 [ 0 ] [ (RT 0 0) (DC 0 0) ]
4040 [ 1 ] [ (EC 1 1) ]
4042 [ 1 ] [ (EC 1 1) ]
4043 [ 0 1 ] [ (DC 0 0) (EC 1 1) ]
4045 [ 0 1 ] [ (EC 1 0) ]
4048 [ 0 ] [ (DC 0 0) ]
4052 [ 0 ] [ (RT 0 0) ]
4057 [ 0 1 ] [ (CV 0 1) ]
4059 [ 0 ] [ (RT 0 0) (EC 0 0) ]
4062 [ 1 ] [ (RT 1 1) ]
4063 [ 0 1 ] [ (EC 1 0) ]
4066 [ 0 ] [ (RT 0 0) ]
4071 [ 0 1 ] [ (CV 0 1) ]
4076 [ 0 1 ] [ (EC 0 0) (DC 1 0) (DC 1 1) ]
4079 [ 0 1 ] [ (EC 0 1) ]
4081 [ 0 1 ] [ (EC 1 0) ]
4082 [ 0 1 ] [ (EC 0 0) (CV 0 1) ]
4083 [ 0 1 ] [ (CV 1 0) ]
4086 [ 0 ] [ (DC 0 0) ]
4088 [ 0 1 ] [ (EC 1 0) ]
4092 [ 1 ] [ (EC 1 1) ]
4093 [ 1 ] [ (EC 1 1) ]
4096 [ 1 ] [ (EC 1 1) ]
4098 [ 0 1 ] [ (RT 0 0) (CV 1 0) ]
4099 [ 0 1 ] [ (EC 0 0) (EC 1 0) ]
4104 [ 0 1 ] [ (EC 0 1) (DC 1 1) ]
4105 [ 0 ] [ (RT 0 0) ]
4106 [ 0 1 ] [ (EC 1 0) (DC 0 1) ]
4107 [ 0 1 ] [ (DC 1 0) (DC 1 1) ]
4110 [ 1 ] [ (DC 1 1) ]
4112 [ 0 ] [ (RT 0 0) ]
4113 [ 0 1 ] [ (CV 1 0) (EC 0 1) (DC 1 1) ]
4125 [ 0 1 ] [ (DC 1 0) ]
4128 [ 0 1 ] [ (EC 0 0) (CV 1 0) ]
4131 [ 0 1 ] [ (EC 0 1) ]
4135 [ 0 1 ] [ (CV 0 1) (EC 1 0) ]
4141 [ 1 ] [ (DC 1 1) ]
4142 [ 0 1 ] [ (EC 1 0) ]
4143 [ 0 1 ] [ (DC 1 0) ]
4144 [ 1 ] [ (DC 1 1) ]
4145 [ 0 1 ] [ (DC 0 1) (RT 1 1) (EC 1 1) ]
4146 [ 1 ] [ (EC 1 1) ]
4147 [ 1 ] [ (DC 1 1) ]
4148 [ 0 1 ] [ (DC 1 0) ]
4151 [ 0 1 ] [ (CV 1 0) ]
4152 [ 0 ] [ (DC 0 0) ]
4153 [ 0 1 ] [ (EC 1 0) ]
4157 [ 0 ] [ (DC 0 0) ]
4158 [ 0 ] [ (RT 0 0) ]
4160 [ 0 1 ] [ (CV 0 1) (EC 1 0) ]
4162 [ 0 1 ] [ (DC 0 0) (DC 0 1) ]
4165 [ 0 1 ] [ (EC 0 1) ]
4166 [ 0 1 ] [ (CV 1 0) (DC 1 0) ]
4171 [ 0 1 ] [ (CV 0 1) (EC 1 0) ]
4172 [ 0 ] [ (RT 0 0) ]
4174 [ 0 ] [ (EC 0 0) ]
4178 [ 0 1 ] [ (EC 1 0) ]
4179 [ 0 ] [ (RT 0 0) ]
4180 [ 1 ] [ (RT 1 1) ]
4184 [ 0 1 ] [ (DC 1 0) ]
4185 [ 0 1 ] [ (DC 0 0) (CV 0 1) ]
4186 [ 1 ] [ (RT 1 1) ]
4189 [ 0 1 ] [ (DC 0 1) ]
4192 [ 1 ] [ (RT 1 1) ]
4196 [ 0 1 ] [ (CV 0 1) ]
4197 [ 0 ] [ (EC 0 0) ]
4198 [ 1 ] [ (RT 1 1) ]
4199 [ 0 1 ] [ (EC 0 1) ]
4200 [ 0 1 ] [ (DC 0 0) (EC 1 1) ]
4201 [ 0 1 ] [ (DC 0 1) (EC 1 1) ]
4202 [ 0 1 ] [ (DC 1 0) (EC 1 1) ]
4206 [ 0 1 ] [ (DC 0 1) ]
4210 [ 1 ] [ (RT 1 1) ]
4214 [ 0 ] [ (EC 0 0) ]
4215 [ 1 ] [ (DC 1 1) ]
4218 [ 0 ] [ (RT 0 0) ]
4220 [ 0 1 ] [ (EC 0 0) (DC 1 0) ]
4221 [ 0 1 ] [ (CV 0 1) ]
4225 [ 0 1 ] [ (EC 1 0) ]
4227 [ 0 1 ] [ (CV 1 0) ]
4228 [ 0 1 ] [ (DC 0 0) (DC 0 1) ]
4232 [ 0 ] [ (RT 0 0) ]
4233 [ 0 1 ] [ (DC 0 0) (EC 0 1) ]
4237 [ 0 ] [ (EC 0 0) ]
4238 [ 0 ] [ (DC 0 0) ]
4239 [ 0 1 ] [ (RT 0 0) (RT 1 1) ]
4242 [ 0 1 ] [ (EC 0 1) ]
4243 [ 1 ] [ (DC 1 1) ]
4245 [ 0 1 ] [ (DC 0 1) (RT 1 1) ]
4246 [ 0 1 ] [ (CV 0 1) (DC 1 1) ]
4249 [ 0 1 ] [ (EC 0 0) (DC 1 1) ]
4251 [ 1 ] [ (RT 1 1) ]
4254 [ 1 ] [ (EC 1 1) ]
4257 [ 0 1 ] [ (CV 1 0) ]
4260 [ 0 ] [ (EC 0 0) ]
4261 [ 0 1 ] [ (DC 1 0) ]
4263 [ 1 ] [ (RT 1 1) ]
4266 [ 0 ] [ (DC 0 0) ]
4267 [ 0 1 ] [ (EC 0 1) ]
4272 [ 0 1 ] [ (EC 0 0) (CV 1 0) ]
4274 [ 0 1 ] [ (DC 1 0) ]
4275 [ 0 1 ] [ (EC 1 0) ]
4276 [ 0 ] [ (DC 0 0) ]
4279 [ 0 1 ] [ (DC 1 0) ]
4280 [ 0 1 ] [ (CV 1 0) (DC 1 1) ]
4283 [ 0 ] [ (EC 0 0) ]
4285 [ 0 1 ] [ (RT 0 0) (EC 0 1) ]
4286 [ 0 1 ] [ (EC 1 0) (DC 1 1) ]
4292 [ 0 ] [ (RT 0 0) ]
4294 [ 0 1 ] [ (EC 0 1) ]
4295 [ 0 1 ] [ (CV 1 0) ]
4299 [ 0 ] [ (DC 0 0) ]
4301 [ 0 1 ] [ (DC 0 1) ]
4302 [ 1 ] [ (EC 1 1) ]
4303 [ 1 ] [ (EC 1 1) ]
4304 [ 0 1 ] [ (EC 1 0) (EC 1 1) ]
4306 [ 0 1 ] [ (EC 0 0) (EC 1 1) ]
4307 [ 1 ] [ (EC 1 1) ]
4309 [ 0 ] [ (DC 0 0) ]
4310 [ 0 1 ] [ (CV 0 1) (CV 1 0) (EC 0 1) (RT 1 1) ]
4314 [ 0 ] [ (DC 0 0) ]
4315 [ 0 1 ] [ (DC 1 0) ]
4316 [ 1 ] [ (RT 1 1) ]
4317 [ 1 ] [ (DC 1 1) ]
4318 [ 0 ] [ (EC 0 0) ]
4319 [ 0 1 ] [ (EC 0 1) ]
4322 [ 0 1 ] [ (EC 1 0) (RT 1 1) ]
4323 [ 0 1 ] [ (DC 0 1) ]
4328 [ 0 1 ] [ (EC 0 1) (DC 0 1) (RT 1 1) ]
4329 [ 0 1 ] [ (EC 0 0) (EC 1 0) ]
4333 [ 0 1 ] [ (DC 1 0) ]
4334 [ 1 ] [ (RT 1 1) ]
4335 [ 0 ] [ (EC 0 0) ]
4337 [ 0 ] [ (DC 0 0) ]
4342 [ 0 ] [ (DC 0 0) ]
4344 [ 0 1 ] [ (EC 0 1) ]
4345 [ 0 1 ] [ (DC 0 1) ]
4346 [ 0 1 ] [ (DC 1 0) ]
4351 [ 0 1 ] [ (DC 1 0) ]
4353 [ 0 1 ] [ (EC 0 1) ]
4354 [ 1 ] [ (DC 1 1) ]
4355 [ 1 ] [ (EC 1 1) ]
4357 [ 1 ] [ (DC 1 1) ]
4358 [ 0 1 ] [ (EC 1 0) ]
4359 [ 0 ] [ (RT 0 0) ]
4363 [ 0 1 ] [ (CV 1 0) ]
4364 [ 0 ] [ (EC 0 0) ]
4369 [ 0 1 ] [ (DC 1 0) ]
4371 [ 0 1 ] [ (CV 1 0) (EC 0 1) ]
4381 [ 1 ] [ (RT 1 1) ]
4382 [ 0 1 ] [ (DC 1 0) ]
4385 [ 0 1 ] [ (DC 0 0) (CV 0 1) (DC 1 1) ]
4387 [ 0 1 ] [ (EC 0 1) (DC 1 0) (RT 1 1) ]
4388 [ 1 ] [ (DC 1 1) ]
4389 [ 0 1 ] [ (DC 0 1) ]
4391 [ 0 1 ] [ (RT 0 0) (DC 1 1) ]
4394 [ 0 1 ] [ (EC 1 0) ]
4396 [ 0 1 ] [ (CV 0 1) (EC 0 1) ]
4398 [ 0 ] [ (EC 0 0) ]
4399 [ 0 1 ] [ (CV 0 1) ]
4400 [ 0 1 ] [ (DC 1 0) ]
4401 [ 0 1 ] [ (EC 1 0) ]
4404 [ 0 ] [ (EC 0 0) ]
4405 [ 0 1 ] [ (RT 0 0) (DC 1 0) ]
4406 [ 0 1 ] [ (DC 0 1) ]
4408 [ 1 ] [ (EC 1 1) ]
4409 [ 0 1 ] [ (CV 1 0) (EC 1 1) ]
4410 [ 0 ] [ (EC 0 0) ]
4411 [ 1 ] [ (EC 1 1) ]
4412 [ 0 1 ] [ (EC 1 0) (EC 1 1) ]
4413 [ 0 ] [ (DC 0 0) ]
4416 [ 0 1 ] [ (CV 1 0) ]
4418 [ 0 1 ] [ (DC 1 0) ]
4423 [ 0 1 ] [ (DC 0 1) (DC 1 0) ]
4424 [ 0 1 ] [ (CV 1 0) ]
4425 [ 1 ] [ (DC 1 1) ]
4428 [ 0 1 ] [ (DC 0 1) ]
4430 [ 0 1 ] [ (EC 1 0) ]
4435 [ 0 1 ] [ (CV 0 1) ]
4439 [ 0 1 ] [ (CV 1 0) (EC 0 1) ]
4441 [ 0 1 ] [ (DC 1 0) ]
4444 [ 0 ] [ (RT 0 0) ]
4445 [ 0 1 ] [ (DC 0 1) ]
4448 [ 0 1 ] [ (EC 1 0) ]
4449 [ 0 1 ] [ (CV 0 1) ]
4450 [ 0 ] [ (EC 0 0) ]
4453 [ 1 ] [ (DC 1 1) ]
4454 [ 0 1 ] [ (CV 1 0) ]
4455 [ 0 1 ] [ (EC 1 0) ]
4456 [ 0 ] [ (DC 0 0) ]
4458 [ 0 1 ] [ (RT 0 0) (RT 1 1) ]
4461 [ 0 ] [ (DC 0 0) ]
4462 [ 0 1 ] [ (CV 1 0) ]
4463 [ 0 1 ] [ (CV 0 1) (EC 1 1) ]
4464 [ 0 1 ] [ (EC 0 1) ]
4465 [ 0 ] [ (RT 0 0) ]
4466 [ 0 1 ] [ (DC 0 0) (EC 1 0) (EC 1 1) ]
4472 [ 0 ] [ (RT 0 0) ]
4473 [ 0 1 ] [ (EC 0 0) (EC 1 0) ]
4477 [ 0 1 ] [ (CV 1 0) ]
4479 [ 0 ] [ (EC 0 0) ]
4482 [ 0 1 ] [ (EC 0 1) ]
4484 [ 0 1 ] [ (DC 0 1) ]
4489 [ 0 1 ] [ (DC 0 1) ]
4490 [ 1 ] [ (DC 1 1) ]
4491 [ 0 1 ] [ (EC 1 0) ]
4493 [ 1 ] [ (RT 1 1) ]
4494 [ 0 ] [ (DC 0 0) ]
4495 [ 0 1 ] [ (DC 1 0) ]
4496 [ 1 ] [ (DC 1 1) ]
4499 [ 0 1 ] [ (DC 0 0) (CV 0 1) (RT 1 1) ]
4501 [ 0 1 ] [ (DC 0 1) ]
4502 [ 0 1 ] [ (EC 0 0) (EC 1 0) ]
4504 [ 0 ] [ (RT 0 0) (DC 0 0) ]
4506 [ 0 1 ] [ (DC 0 1) ]
4507 [ 0 1 ] [ (CV 1 0) ]
4508 [ 0 1 ] [ (DC 1 0) ]
4510 [ 0 1 ] [ (CV 0 1) ]
4511 [ 0 1 ] [ (RT 0 0) (RT 1 1) ]
4515 [ 0 1 ] [ (CV 1 0) (EC 1 1) ]
4516 [ 1 ] [ (EC 1 1) ]
4517 [ 1 ] [ (RT 1 1) (EC 1 1) ]
4518 [ 0 ] [ (RT 0 0) ]
4519 [ 0 ] [ (EC 0 0) ]
4524 [ 0 1 ] [ (CV 0 1) (DC 1 1) ]
4528 [ 0 1 ] [ (DC 0 1) ]
4530 [ 0 1 ] [ (CV 1 0) ]
4532 [ 0 ] [ (RT 0 0) (DC 0 0) ]
4533 [ 1 ] [ (DC 1 1) ]
4534 [ 0 1 ] [ (EC 1 0) ]
4537 [ 0 ] [ (DC 0 0) ]
4541 [ 0 1 ] [ (EC 0 1) ]
4542 [ 0 ] [ (DC 0 0) ]
4544 [ 0 1 ] [ (DC 1 0) ]
4545 [ 0 1 ] [ (CV 1 0) (DC 0 1) ]
4549 [ 0 1 ] [ (CV 0 1) (DC 1 0) ]
4550 [ 0 1 ] [ (EC 0 1) (DC 0 1) ]
4553 [ 0 1 ] [ (CV 1 0) ]
4556 [ 0 1 ] [ (EC 1 0) ]
4557 [ 0 ] [ (RT 0 0) ]
4558 [ 1 ] [ (RT 1 1) (DC 1 1) ]
4561 [ 1 ] [ (DC 1 1) ]
4562 [ 0 1 ] [ (DC 0 1) ]
4563 [ 0 1 ] [ (CV 0 1) (EC 1 0) ]
4564 [ 1 ] [ (RT 1 1) (DC 1 1) ]
4567 [ 0 1 ] [ (DC 0 1) (EC 1 1) ]
4568 [ 0 1 ] [ (CV 1 0) (EC 0 1) (EC 1 1) ]
4569 [ 1 ] [ (EC 1 1) ]
4570 [ 0 1 ] [ (DC 0 0) (EC 1 0) (RT 1 1) ]
4571 [ 0 1 ] [ (EC 0 0) (EC 1 1) ]
4572 [ 0 1 ] [ (DC 0 1) ]
4576 [ 1 ] [ (RT 1 1) ]
4578 [ 0 ] [ (RT 0 0) ]
4580 [ 0 ] [ (DC 0 0) ]
4581 [ 0 1 ] [ (EC 1 0) ]
4582 [ 1 ] [ (RT 1 1) ]
4584 [ 0 1 ] [ (EC 0 1) ]
4585 [ 0 ] [ (RT 0 0) ]
4588 [ 0 1 ] [ (EC 0 0) (CV 0 1) (EC 1 0) (RT 1 1) ]
4590 [ 0 1 ] [ (DC 1 0) ]
4593 [ 0 1 ] [ (EC 0 1) ]
4594 [ 0 ] [ (EC 0 0) ]
4595 [ 1 ] [ (DC 1 1) ]
4598 [ 0 1 ] [ (CV 1 0) (DC 1 0) ]
4599 [ 0 1 ] [ (CV 0 1) ]
4602 [ 0 1 ] [ (EC 0 1) ]
4603 [ 0 ] [ (DC 0 0) ]
4604 [ 1 ] [ (DC 1 1) ]
4606 [ 0 1 ] [ (CV 1 0) ]
4611 [ 1 ] [ (RT 1 1) ]
4613 [ 0 1 ] [ (CV 0 1) ]
4617 [ 0 1 ] [ (EC 0 0) (EC 1 0) (RT 1 1) ]
4618 [ 0 ] [ (DC 0 0) ]
4620 [ 1 ] [ (EC 1 1) ]
4621 [ 0 1 ] [ (DC 1 0) (EC 1 1) ]
4622 [ 1 ] [ (EC 1 1) ]
4623 [ 0 1 ] [ (DC 0 1) (EC 1 1) ]
4624 [ 1 ] [ (EC 1 1) ]
4627 [ 0 1 ] [ (EC 0 1) ]
4629 [ 1 ] [ (RT 1 1) ]
4634 [ 0 1 ] [ (EC 0 0) (DC 1 0) ]
4635 [ 0 1 ] [ (EC 1 0) (DC 1 1) ]
4638 [ 0 1 ] [ (RT 0 0) (DC 1 1) ]
4639 [ 0 1 ] [ (DC 1 0) ]
4641 [ 1 ] [ (RT 1 1) ]
4644 [ 0 1 ] [ (CV 1 0) ]
4645 [ 0 1 ] [ (RT 0 0) (DC 0 1) ]
4646 [ 0 ] [ (DC 0 0) ]
4647 [ 1 ] [ (RT 1 1) ]
4649 [ 0 1 ] [ (CV 0 1) ]
4651 [ 0 1 ] [ (DC 0 0) (CV 1 0) ]
4657 [ 0 ] [ (EC 0 0) ]
4659 [ 0 1 ] [ (CV 1 0) ]
4661 [ 0 1 ] [ (EC 0 1) ]
4663 [ 0 1 ] [ (EC 0 0) (CV 0 1) ]
4667 [ 0 1 ] [ (DC 0 1) ]
4671 [ 0 1 ] [ (EC 1 0) ]
4674 [ 0 1 ] [ (CV 1 0) ]
4676 [ 1 ] [ (RT 1 1) ]
4677 [ 0 ] [ (RT 0 0) ]
4678 [ 0 1 ] [ (EC 1 0) ]
4679 [ 0 ] [ (DC 0 0) ]
4680 [ 0 ] [ (EC 0 0) ]
4682 [ 1 ] [ (RT 1 1) ]
4684 [ 0 1 ] [ (RT 0 0) (DC 0 1) ]
4686 [ 0 ] [ (EC 0 0) ]
4688 [ 0 1 ] [ (CV 0 1) ]
4689 [ 0 1 ] [ (CV 1 0) (EC 1 0) ]
4693 [ 0 1 ] [ (DC 1 0) ]
4694 [ 0 ] [ (DC 0 0) ]
4697 [ 0 1 ] [ (CV 1 0) ]
4698 [ 0 ] [ (RT 0 0) ]
4703 [ 0 1 ] [ (EC 0 0) (DC 1 1) ]
4704 [ 0 1 ] [ (EC 0 1) ]
4706 [ 1 ] [ (DC 1 1) ]
4707 [ 0 1 ] [ (EC 1 0) ]
4711 [ 0 1 ] [ (DC 1 0) ]
4713 [ 0 1 ] [ (CV 0 1) ]
4714 [ 0 1 ] [ (EC 1 0) ]
4723 [ 0 1 ] [ (DC 0 1) ]
4724 [ 0 1 ] [ (CV 0 1) ]
4725 [ 0 1 ] [ (EC 1 0) ]
4726 [ 1 ] [ (EC 1 1) ]
4727 [ 0 1 ] [ (DC 0 0) (CV 0 1) (EC 1 1) ]
4728 [ 1 ] [ (EC 1 1) ]
4729 [ 1 ] [ (EC 1 1) ]
4730 [ 1 ] [ (EC 1 1) ]
4732 [ 0 1 ] [ (EC 1 0) ]
4734 [ 0 1 ] [ (DC 1 0) ]
4735 [ 0 1 ] [ (CV 1 0) (RT 1 1) ]
4737 [ 1 ] [ (DC 1 1) ]
4738 [ 0 1 ] [ (CV 0 1) ]
4741 [ 1 ] [ (RT 1 1) ]
4743 [ 1 ] [ (DC 1 1) ]
4747 [ 0 1 ] [ (EC 0 1) (RT 1 1) ]
4749 [ 0 1 ] [ (EC 0 0) (CV 0 1) ]
4750 [ 0 1 ] [ (EC 1 0) (DC 0 1) ]
4751 [ 0 ] [ (RT 0 0) ]
4752 [ 0 1 ] [ (CV 0 1) ]
4753 [ 1 ] [ (RT 1 1) ]
4755 [ 0 ] [ (EC 0 0) (DC 0 0) ]
4756 [ 0 1 ] [ (EC 0 1) ]
4758 [ 0 ] [ (RT 0 0) ]
4762 [ 0 1 ] [ (DC 0 1) ]
4765 [ 0 1 ] [ (RT 0 0) (CV 1 0) (EC 0 1) (DC 1 0) ]
4767 [ 0 1 ] [ (DC 0 1) ]
4768 [ 0 1 ] [ (EC 1 0) ]
4771 [ 1 ] [ (RT 1 1) ]
4772 [ 0 1 ] [ (EC 0 1) ]
4774 [ 1 ] [ (DC 1 1) ]
4779 [ 0 1 ] [ (EC 1 0) (EC 1 1) ]
4780 [ 0 1 ] [ (CV 1 0) (EC 1 1) ]
4781 [ 1 ] [ (EC 1 1) ]
4784 [ 0 1 ] [ (DC 0 1) ]
4788 [ 0 1 ] [ (CV 0 1) (CV 1 0) ]
4789 [ 0 1 ] [ (DC 0 1) ]
4790 [ 0 1 ] [ (EC 0 1) ]
4793 [ 0 ] [ (DC 0 0) ]
4797 [ 0 1 ] [ (RT 0 0) (EC 1 0) ]
4798 [ 0 ] [ (DC 0 0) ]
4801 [ 0 1 ] [ (DC 1 0) ]
4802 [ 0 1 ] [ (CV 0 1) ]
4803 [ 0 1 ] [ (DC 0 0) (CV 1 0) ]
4804 [ 0 ] [ (RT 0 0) ]
4806 [ 0 1 ] [ (DC 0 1) (DC 1 0) ]
4808 [ 0 ] [ (DC 0 0) ]
4811 [ 0 1 ] [ (DC 0 1) ]
4812 [ 1 ] [ (RT 1 1) ]
4813 [ 0 1 ] [ (CV 0 1) ]
4815 [ 0 1 ] [ (EC 0 1) ]
4818 [ 0 1 ] [ (RT 0 0) (EC 0 0) (CV 1 0) ]
4824 [ 0 1 ] [ (EC 0 0) (EC 0 1) ]
4827 [ 0 1 ] [ (CV 0 1) ]
4831 [ 0 1 ] [ (DC 0 0) (EC 1 1) ]
4832 [ 1 ] [ (EC 1 1) ]
4833 [ 0 1 ] [ (EC 0 1) ]
4835 [ 1 ] [ (EC 1 1) ]
4838 [ 0 1 ] [ (CV 0 1) ]
4840 [ 0 1 ] [ (EC 1 0) ]
4841 [ 0 1 ] [ (DC 0 0) (CV 1 0) ]
4842 [ 0 1 ] [ (EC 0 1) (DC 1 0) (DC 1 1) ]
4843 [ 0 ] [ (RT 0 0) ]
4845 [ 0 1 ] [ (DC 0 1) (DC 1 1) ]
4847 [ 0 ] [ (EC 0 0) ]
4848 [ 0 1 ] [ (CV 1 0) (DC 1 1) ]
4850 [ 0 1 ] [ (DC 0 1) ]
4851 [ 0 1 ] [ (EC 0 1) ]
4852 [ 0 1 ] [ (CV 0 1) ]
4855 [ 0 1 ] [ (DC 1 0) ]
4856 [ 0 1 ] [ (CV 1 0) ]
4860 [ 0 1 ] [ (DC 1 0) ]
4862 [ 0 1 ] [ (DC 0 1) ]
4863 [ 0 1 ] [ (CV 0 1) ]
4864 [ 0 ] [ (RT 0 0) (EC 0 0) ]
4866 [ 0 1 ] [ (CV 0 1) ]
4867 [ 0 1 ] [ (EC 0 1) (DC 0 1) ]
4869 [ 0 ] [ (DC 0 0) ]
4870 [ 0 ] [ (EC 0 0) ]
4871 [ 0 1 ] [ (RT 0 0) (RT 1 1) ]
4872 [ 0 1 ] [ (DC 0 1) ]
4876 [ 0 1 ] [ (EC 0 1) (DC 1 1) ]
4877 [ 1 ] [ (RT 1 1) ]
4882 [ 1 ] [ (DC 1 1) ]
4884 [ 1 ] [ (EC 1 1) ]
4885 [ 1 ] [ (EC 1 1) ]
4886 [ 0 1 ] [ (CV 1 0) ]
4887 [ 0 ] [ (EC 0 0) ]
4888 [ 0 1 ] [ (CV 0 1) ]
4891 [ 0 1 ] [ (CV 0 1) (DC 1 0) ]
4893 [ 0 ] [ (EC 0 0) ]
4895 [ 1 ] [ (RT 1 1) ]
4901 [ 0 1 ] [ (EC 0 1) ]
4909 [ 0 1 ] [ (CV 1 0) ]
4910 [ 0 1 ] [ (EC 0 0) (EC 0 1) ]
4911 [ 0 1 ] [ (DC 0 1) ]
4912 [ 0 ] [ (DC 0 0) ]
4913 [ 1 ] [ (DC 1 1) ]
4914 [ 0 1 ] [ (DC 1 0) ]
4916 [ 0 1 ] [ (CV 0 1) ]
4917 [ 0 ] [ (RT 0 0) (DC 0 0) ]
4919 [ 0 1 ] [ (EC 1 0) ]
4923 [ 0 1 ] [ (DC 0 1) ]
4924 [ 0 1 ] [ (CV 1 0) (RT 1 1) ]
4927 [ 0 1 ] [ (CV 0 1) (DC 1 0) ]
4928 [ 0 1 ] [ (EC 0 1) ]
4930 [ 0 1 ] [ (EC 1 0) ]
4931 [ 0 ] [ (RT 0 0) ]
4936 [ 1 ] [ (RT 1 1) (EC 1 1) ]
4937 [ 1 ] [ (EC 1 1) ]
4938 [ 0 1 ] [ (RT 0 0) (CV 0 1) ]
4939 [ 0 ] [ (EC 0 0) ]
4941 [ 0 1 ] [ (CV 0 1) (EC 1 1) ]
4944 [ 0 1 ] [ (EC 0 1) ]
4945 [ 0 1 ] [ (DC 0 0) (DC 1 0) ]
4947 [ 1 ] [ (DC 1 1) ]
4948 [ 1 ] [ (RT 1 1) ]
4950 [ 0 1 ] [ (DC 1 0) (DC 1 1) ]
4952 [ 0 1 ] [ (CV 0 1) ]
4953 [ 1 ] [ (DC 1 1) ]
4962 [ 0 1 ] [ (CV 1 0) ]
4963 [ 0 1 ] [ (CV 0 1) ]
4966 [ 0 1 ] [ (EC 1 0) ]
4967 [ 0 1 ] [ (DC 0 1) ]
4970 [ 0 ] [ (RT 0 0) ]
3506 [ 0 ] [ (DC 0 0) ]
3511 [ 0 ] [ (DC 0 0) ]
3513 [ 0 1 ] [ (EC 0 1) (RT 1 1) (EC 1 1) ]
3514 [ 1 ] [ (EC 1 1) ]
3516 [ 0 1 ] [ (DC 0 0) (EC 1 0) ]
3517 [ 1 ] [ (DC 1 1) ]
3519 [ 0 ] [ (RT 0 0) ]
3521 [ 0 ] [ (DC 0 0) ]
3522 [ 0 1 ] [ (EC 0 1) ]
3525 [ 1 ] [ (RT 1 1) ]
3527 [ 0 1 ] [ (EC 1 0) ]
3529 [ 0 1 ] [ (CV 0 1) ]
3531 [ 0 1 ] [ (EC 0 1) (DC 1 0) ]
3533 [ 0 ] [ (RT 0 0) ]
3537 [ 0 1 ] [ (CV 1 0) ]
3540 [ 0 1 ] [ (CV 0 1) (DC 0 1) ]
3541 [ 0 ] [ (EC 0 0) ]
3544 [ 0 1 ] [ (DC 0 0) (DC 1 0) ]
3545 [ 0 1 ] [ (CV 1 0) (DC 1 1) ]
3547 [ 0 ] [ (RT 0 0) (EC 0 0) ]
3549 [ 0 ] [ (DC 0 0) ]
3551 [ 1 ] [ (DC 1 1) ]
3553 [ 0 ] [ (EC 0 0) ]
3556 [ 0 1 ] [ (EC 0 1) ]
3557 [ 0 1 ] [ (DC 0 1) ]
3560 [ 0 1 ] [ (CV 1 0) ]
3565 [ 1 ] [ (EC 1 1) ]
3568 [ 0 1 ] [ (CV 0 1) ]
3570 [ 0 ] [ (EC 0 0) ]
3572 [ 0 ] [ (RT 0 0) ]
3575 [ 0 1 ] [ (CV 1 0) ]
3578 [ 1 ] [ (RT 1 1) ]
3579 [ 0 ] [ (RT 0 0) ]
3582 [ 0 1 ] [ (DC 0 0) (DC 1 1) ]
3583 [ 0 1 ] [ (CV 1 0) ]
3584 [ 0 1 ] [ (DC 0 1) ]
3585 [ 1 ] [ (DC 1 1) ]
3587 [ 0 ] [ (EC 0 0) ]
3588 [ 0 1 ] [ (EC 1 0) ]
3590 [ 0 1 ] [ (EC 0 1) ]
3593 [ 0 1 ] [ (EC 0 0) (CV 0 1) ]
3597 [ 0 ] [ (DC 0 0) ]
3598 [ 0 1 ] [ (CV 1 0) ]
3599 [ 0 1 ] [ (EC 0 1) ]
3601 [ 0 1 ] [ (DC 0 1) ]
3606 [ 0 1 ] [ (DC 0 1) ]
3607 [ 0 ] [ (RT 0 0) ]
3613 [ 0 1 ] [ (CV 1 0) ]
3615 [ 0 1 ] [ (CV 0 1) ]
3616 [ 0 1 ] [ (EC 0 0) (DC 1 1) ]
3618 [ 0 1 ] [ (CV 0 1) (EC 1 1) ]
3619 [ 1 ] [ (RT 1 1) ]
3620 [ 0 1 ] [ (DC 0 0) (EC 1 1) ]
3624 [ 0 1 ] [ (EC 1 0) ]
3625 [ 1 ] [ (RT 1 1) ]
3628 [ 0 1 ] [ (CV 1 0) ]
3629 [ 0 1 ] [ (CV 0 1) ]
3631 [ 0 1 ] [ (EC 1 0) (RT 1 1) ]
3635 [ 0 ] [ (DC 0 0) ]
3636 [ 0 1 ] [ (CV 1 0) ]
3637 [ 1 ] [ (RT 1 1) ]
3639 [ 0 1 ] [ (DC 1 0) ]
3640 [ 0 1 ] [ (CV 0 1) ]
3642 [ 0 1 ] [ (EC 1 0) ]
3643 [ 0 1 ] [ (CV 0 1) ]
3645 [ 0 ] [ (EC 0 0) ]
3646 [ 0 ] [ (RT 0 0) ]
3649 [ 0 1 ] [ (EC 1 0) (RT 1 1) ]
3650 [ 1 ] [ (DC 1 1) ]
3651 [ 0 1 ] [ (CV 1 0) (EC 0 1) ]
3652 [ 0 1 ] [ (DC 1 0) ]
3653 [ 0 ] [ (RT 0 0) ]
3656 [ 1 ] [ (DC 1 1) ]
3657 [ 0 1 ] [ (DC 1 0) ]
3658 [ 0 ] [ (DC 0 0) ]
3660 [ 0 1 ] [ (RT 0 0) (EC 1 0) ]
3662 [ 0 ] [ (EC 0 0) ]
3663 [ 0 ] [ (DC 0 0) ]
3666 [ 0 1 ] [ (CV 1 0) ]
3667 [ 0 1 ] [ (RT 0 0) (EC 0 1) ]
3668 [ 0 ] [ (DC 0 0) ]
3670 [ 1 ] [ (EC 1 1) ]
3671 [ 1 ] [ (EC 1 1) ]
3673 [ 0 ] [ (DC 0 0) ]
3674 [ 1 ] [ (EC 1 1) ]
3675 [ 0 1 ] [ (DC 1 0) ]
3678 [ 0 1 ] [ (EC 1 0) ]
3679 [ 0 ] [ (EC 0 0) ]
3681 [ 0 1 ] [ (CV 1 0) ]
3684 [ 0 1 ] [ (DC 0 1) (DC 1 1) ]
3685 [ 0 1 ] [ (EC 0 1) (EC 1 0) ]
3690 [ 1 ] [ (RT 1 1) ]
3693 [ 0 1 ] [ (CV 0 1) (DC 1 0) (DC 1 1) ]
3694 [ 0 1 ] [ (EC 0 1) ]
3696 [ 0 1 ] [ (DC 0 0) (RT 1 1) ]
3698 [ 0 1 ] [ (DC 1 0) ]
3701 [ 0 1 ] [ (DC 0 1) ]
3703 [ 0 1 ] [ (EC 1 0) ]
3704 [ 0 1 ] [ (CV 1 0) ]
3706 [ 0 ] [ (DC 0 0) ]
3710 [ 0 1 ] [ (EC 0 1) ]
3711 [ 0 1 ] [ (DC 1 0) ]
3713 [ 0 ] [ (RT 0 0) ]
3714 [ 0 1 ] [ (EC 0 0) (EC 1 0) ]
3718 [ 0 1 ] [ (CV 0 1) ]
3719 [ 0 1 ] [ (EC 0 1) ]
3720 [ 0 ] [ (RT 0 0) ]
3721 [ 0 1 ] [ (EC 1 0) ]
3724 [ 0 1 ] [ (DC 1 0) (EC 1 1) (DC 1 1) ]
3725 [ 1 ] [ (EC 1 1) ]
3727 [ 0 1 ] [ (CV 1 0) ]
3728 [ 0 1 ] [ (EC 0 1) ]
3731 [ 0 ] [ (EC 0 0) ]
3732 [ 0 1 ] [ (EC 1 0) ]
3734 [ 0 ] [ (DC 0 0) ]
3742 [ 0 1 ] [ (CV 1 0) ]
3744 [ 0 1 ] [ (EC 0 1) ]
3747 [ 0 1 ] [ (DC 1 0) ]
3752 [ 0 1 ] [ (RT 0 0) (DC 1 0) ]
3754 [ 0 ] [ (EC 0 0) ]
3755 [ 1 ] [ (RT 1 1) ]
3757 [ 0 1 ] [ (CV 1 0) (DC 0 1) ]
3758 [ 1 ] [ (DC 1 1) ]
3762 [ 0 1 ] [ (EC 0 1) (DC 0 1) ]
3765 [ 0 1 ] [ (DC 1 0) ]
3766 [ 0 ] [ (RT 0 0) ]
3767 [ 1 ] [ (RT 1 1) ]
3768 [ 0 1 ] [ (CV 0 1) ]
3771 [ 0 1 ] [ (EC 0 1) ]
3772 [ 0 1 ] [ (CV 1 0) ]
3775 [ 0 1 ] [ (EC 1 0) (EC 1 1) ]
3776 [ 1 ] [ (EC 1 1) ]
3777 [ 0 1 ] [ (DC 0 0) (EC 1 1) ]
3778 [ 0 1 ] [ (DC 1 0) (EC 1 1) ]
3779 [ 0 1 ] [ (DC 0 1) ]
3780 [ 0 1 ] [ (EC 0 1) ]
3782 [ 0 1 ] [ (CV 0 1) ]
3784 [ 0 1 ] [ (DC 0 1) ]
3787 [ 0 1 ] [ (CV 1 0) ]
3788 [ 0 1 ] [ (DC 1 0) ]
3789 [ 1 ] [ (DC 1 1) ]
3792 [ 1 ] [ (DC 1 1) ]
3793 [ 0 1 ] [ (EC 1 0) ]
3794 [ 0 ] [ (EC 0 0) ]
3795 [ 1 ] [ (DC 1 1) ]
3796 [ 0 1 ] [ (EC 0 1) ]
3801 [ 0 1 ] [ (DC 0 1) (DC 1 0) ]
3805 [ 0 1 ] [ (RT 0 0) (EC 0 1) ]
3808 [ 1 ] [ (RT 1 1) ]
3810 [ 0 1 ] [ (CV 1 0) ]
3812 [ 0 ] [ (RT 0 0) ]
3814 [ 1 ] [ (RT 1 1) ]
3815 [ 0 ] [ (DC 0 0) ]
3818 [ 0 1 ] [ (CV 0 1) ]
3819 [ 0 1 ] [ (RT 0 0) (DC 1 0) ]
3820 [ 1 ] [ (RT 1 1) ]
3826 [ 0 ] [ (RT 0 0) ]
3829 [ 0 1 ] [ (CV 0 1) ]
3830 [ 0 1 ] [ (EC 0 1) ]
3831 [ 1 ] [ (EC 1 1) ]
3833 [ 0 ] [ (RT 0 0) ]
3840 [ 0 ] [ (RT 0 0) ]
3842 [ 0 1 ] [ (DC 1 0) ]
3845 [ 0 1 ] [ (DC 0 1) ]
3846 [ 0 ] [ (EC 0 0) ]
3847 [ 0 1 ] [ (EC 1 0) ]
3848 [ 0 ] [ (DC 0 0) ]
3853 [ 0 ] [ (DC 0 0) ]
3854 [ 0 1 ] [ (CV 0 1) ]
3855 [ 0 1 ] [ (DC 1 0) ]
3857 [ 0 1 ] [ (EC 0 1) ]
3858 [ 0 1 ] [ (DC 0 0) (EC 1 0) ]
3860 [ 0 1 ] [ (DC 1 0) ]
3863 [ 0 ] [ (DC 0 0) ]
3865 [ 0 1 ] [ (EC 1 0) ]
3866 [ 1 ] [ (DC 1 1) ]
3867 [ 0 1 ] [ (DC 0 1) (RT 1 1) ]
3869 [ 0 ] [ (EC 0 0) ]
3873 [ 0 1 ] [ (DC 1 0) ]
3875 [ 0 ] [ (EC 0 0) ]
3876 [ 0 1 ] [ (EC 1 0) ]
3878 [ 0 1 ] [ (DC 1 0) ]
3879 [ 0 1 ] [ (RT 0 0) (RT 1 1) ]
3880 [ 1 ] [ (EC 1 1) ]
3882 [ 0 1 ] [ (EC 0 1) ]
3885 [ 1 ] [ (EC 1 1) ]
3507 [ 0 1 ] [ (EC 0 0) (RT 1 1) ]
3508 [ 0 1 ] [ (DC 1 0) ]
3510 [ 1 ] [ (EC 1 1) ]
2677 [ 1 ] [ (DC 1 1) ]
2679 [ 0 1 ] [ (DC 0 1) ]
2680 [ 0 ] [ (DC 0 0) ]
2681 [ 0 1 ] [ (CV 1 0) ]
2684 [ 0 1 ] [ (CV 0 1) ]
2689 [ 0 ] [ (RT 0 0) ]
2693 [ 0 1 ] [ (DC 1 0) ]
2695 [ 0 1 ] [ (CV 0 1) ]
2696 [ 0 1 ] [ (CV 1 0) ]
2703 [ 0 1 ] [ (EC 1 0) ]
2704 [ 1 ] [ (RT 1 1) ]
2707 [ 0 ] [ (RT 0 0) (EC 0 0) ]
2708 [ 1 ] [ (DC 1 1) ]
2711 [ 0 1 ] [ (DC 1 0) ]
2713 [ 0 ] [ (DC 0 0) ]
2714 [ 0 ] [ (RT 0 0) ]
2716 [ 1 ] [ (RT 1 1) ]
2718 [ 0 1 ] [ (DC 0 1) (EC 1 1) ]
2719 [ 0 1 ] [ (CV 1 0) ]
2720 [ 0 1 ] [ (CV 0 1) (EC 1 1) ]
2721 [ 0 1 ] [ (EC 1 0) ]
2724 [ 0 1 ] [ (DC 1 0) ]
2725 [ 0 1 ] [ (EC 0 1) ]
2728 [ 0 ] [ (RT 0 0) (DC 0 0) ]
2729 [ 0 1 ] [ (DC 1 0) ]
2730 [ 0 ] [ (EC 0 0) ]
2735 [ 0 ] [ (RT 0 0) ]
2736 [ 0 ] [ (EC 0 0) ]
2740 [ 0 1 ] [ (DC 0 1) ]
2742 [ 0 ] [ (RT 0 0) ]
2743 [ 0 1 ] [ (EC 0 1) ]
2745 [ 0 1 ] [ (CV 0 1) ]
2747 [ 0 1 ] [ (DC 1 0) ]
2749 [ 0 1 ] [ (CV 1 0) ]
2751 [ 0 ] [ (DC 0 0) ]
2757 [ 0 1 ] [ (DC 0 1) ]
2759 [ 0 1 ] [ (CV 0 1) ]
2763 [ 1 ] [ (RT 1 1) ]
2764 [ 0 1 ] [ (CV 1 0) ]
2765 [ 0 1 ] [ (DC 1 0) ]
2769 [ 1 ] [ (RT 1 1) ]
2773 [ 0 1 ] [ (CV 0 1) (EC 1 1) (DC 1 1) ]
2774 [ 0 1 ] [ (DC 0 1) ]
2776 [ 1 ] [ (EC 1 1) ]
2779 [ 0 1 ] [ (CV 1 0) (DC 0 1) (DC 1 1) ]
2781 [ 0 ] [ (RT 0 0) ]
2782 [ 1 ] [ (DC 1 1) ]
2784 [ 0 1 ] [ (CV 0 1) ]
2787 [ 0 1 ] [ (CV 1 0) ]
2788 [ 0 ] [ (RT 0 0) ]
2789 [ 0 ] [ (DC 0 0) ]
2793 [ 0 1 ] [ (EC 1 0) ]
2795 [ 0 ] [ (RT 0 0) ]
2799 [ 0 ] [ (EC 0 0) (DC 0 0) ]
2800 [ 0 1 ] [ (EC 1 0) ]
2802 [ 0 1 ] [ (RT 0 0) (EC 0 1) ]
2804 [ 0 ] [ (DC 0 0) ]
2810 [ 1 ] [ (RT 1 1) ]
2811 [ 0 1 ] [ (EC 0 1) ]
2813 [ 0 1 ] [ (DC 0 1) (DC 1 1) ]
2816 [ 1 ] [ (RT 1 1) ]
2818 [ 0 1 ] [ (DC 0 1) ]
2819 [ 0 1 ] [ (DC 1 0) ]
2820 [ 0 1 ] [ (EC 0 1) ]
2822 [ 1 ] [ (RT 1 1) ]
2827 [ 0 ] [ (RT 0 0) ]
2828 [ 0 1 ] [ (EC 0 0) (RT 1 1) (EC 1 1) ]
2829 [ 0 1 ] [ (EC 1 0) ]
2832 [ 0 ] [ (DC 0 0) ]
2834 [ 0 1 ] [ (CV 0 1) ]
2835 [ 0 1 ] [ (DC 0 1) ]
2836 [ 0 1 ] [ (EC 0 1) (EC 1 0) ]
2837 [ 0 1 ] [ (DC 0 0) (DC 1 0) ]
2840 [ 0 1 ] [ (CV 1 0) (DC 0 1) ]
2842 [ 0 ] [ (DC 0 0) ]
2844 [ 1 ] [ (DC 1 1) ]
2845 [ 0 ] [ (EC 0 0) ]
2847 [ 1 ] [ (DC 1 1) ]
2854 [ 0 1 ] [ (EC 0 1) ]
2855 [ 0 ] [ (RT 0 0) ]
2857 [ 0 1 ] [ (DC 0 1) ]
2859 [ 0 1 ] [ (CV 0 1) ]
2860 [ 0 1 ] [ (DC 1 0) ]
2865 [ 0 ] [ (DC 0 0) ]
2868 [ 0 ] [ (EC 0 0) ]
2869 [ 1 ] [ (RT 1 1) ]
2870 [ 0 1 ] [ (CV 1 0) (EC 0 1) ]
2872 [ 0 1 ] [ (EC 1 0) ]
2874 [ 0 1 ] [ (DC 0 1) ]
2878 [ 1 ] [ (EC 1 1) ]
2879 [ 0 1 ] [ (EC 0 1) ]
2880 [ 0 ] [ (DC 0 0) ]
2881 [ 1 ] [ (RT 1 1) (EC 1 1) ]
2883 [ 0 1 ] [ (EC 1 0) ]
2884 [ 0 1 ] [ (CV 0 1) (DC 1 1) ]
2887 [ 0 1 ] [ (RT 0 0) (CV 0 1) (RT 1 1) ]
2891 [ 0 1 ] [ (EC 0 0) (DC 1 0) ]
2894 [ 0 ] [ (RT 0 0) ]
2897 [ 0 1 ] [ (EC 0 0) (EC 0 1) ]
2901 [ 0 ] [ (RT 0 0) ]
2908 [ 0 1 ] [ (RT 0 0) (DC 0 0) (CV 1 0) ]
2909 [ 0 1 ] [ (CV 0 1) (DC 1 0) ]
2915 [ 0 ] [ (RT 0 0) ]
2916 [ 0 1 ] [ (CV 1 0) ]
2920 [ 0 ] [ (EC 0 0) ]
2926 [ 0 1 ] [ (EC 0 0) (EC 1 0) ]
2927 [ 0 1 ] [ (DC 1 0) ]
2930 [ 1 ] [ (EC 1 1) ]
2931 [ 0 1 ] [ (CV 1 0) (EC 1 1) ]
2932 [ 1 ] [ (EC 1 1) ]
2934 [ 1 ] [ (RT 1 1) ]
2935 [ 0 1 ] [ (DC 0 1) ]
2937 [ 0 1 ] [ (CV 0 1) (EC 1 0) ]
2940 [ 0 1 ] [ (EC 0 1) (DC 0 1) (RT 1 1) ]
2943 [ 0 ] [ (EC 0 0) ]
2944 [ 0 1 ] [ (EC 1 0) ]
2945 [ 0 1 ] [ (DC 1 0) ]
2946 [ 0 1 ] [ (CV 1 0) (RT 1 1) ]
2947 [ 0 1 ] [ (RT 0 0) (EC 0 1) ]
2949 [ 1 ] [ (DC 1 1) ]
2951 [ 0 ] [ (DC 0 0) ]
2952 [ 1 ] [ (RT 1 1) (DC 1 1) ]
2954 [ 0 ] [ (RT 0 0) ]
2956 [ 0 1 ] [ (EC 0 1) ]
2960 [ 0 ] [ (EC 0 0) ]
2962 [ 0 1 ] [ (DC 0 1) ]
2963 [ 0 1 ] [ (DC 1 0) ]
2965 [ 0 1 ] [ (EC 0 1) ]
2968 [ 0 1 ] [ (RT 0 0) (DC 1 0) ]
2969 [ 0 1 ] [ (CV 1 0) ]
2970 [ 1 ] [ (RT 1 1) ]
2972 [ 0 ] [ (EC 0 0) ]
2974 [ 0 1 ] [ (EC 0 1) ]
2979 [ 0 1 ] [ (DC 0 0) (DC 0 1) ]
2983 [ 0 1 ] [ (EC 0 0) (EC 0 1) (EC 1 1) (DC 1 1) ]
2984 [ 0 1 ] [ (DC 0 0) (CV 1 0) (EC 1 1) ]
2985 [ 1 ] [ (EC 1 1) ]
2986 [ 1 ] [ (EC 1 1) (DC 1 1) ]
2987 [ 0 1 ] [ (CV 0 1) (EC 1 1) ]
2989 [ 1 ] [ (DC 1 1) ]
2990 [ 0 1 ] [ (EC 0 1) ]
2993 [ 1 ] [ (RT 1 1) ]
2999 [ 0 1 ] [ (CV 1 0) (EC 0 1) (DC 1 0) (RT 1 1) ]
3008 [ 0 1 ] [ (EC 0 1) ]
3012 [ 0 ] [ (EC 0 0) ]
3016 [ 0 1 ] [ (EC 1 0) ]
3017 [ 0 1 ] [ (EC 0 1) (DC 1 0) ]
3020 [ 1 ] [ (DC 1 1) ]
3021 [ 0 ] [ (RT 0 0) ]
3022 [ 0 1 ] [ (DC 1 0) ]
3023 [ 1 ] [ (RT 1 1) (DC 1 1) ]
3027 [ 0 ] [ (DC 0 0) ]
3029 [ 1 ] [ (RT 1 1) ]
3032 [ 0 ] [ (DC 0 0) ]
3034 [ 0 1 ] [ (EC 1 0) ]
3035 [ 0 1 ] [ (EC 0 0) (EC 1 1) ]
3037 [ 0 1 ] [ (CV 1 0) (EC 1 1) ]
3039 [ 1 ] [ (EC 1 1) ]
3040 [ 0 1 ] [ (DC 0 1) (DC 1 0) (EC 1 1) ]
3041 [ 0 ] [ (EC 0 0) ]
3051 [ 0 1 ] [ (EC 0 1) ]
3053 [ 0 1 ] [ (DC 1 0) ]
3054 [ 1 ] [ (DC 1 1) ]
3055 [ 0 ] [ (DC 0 0) ]
3057 [ 0 1 ] [ (DC 0 1) (DC 1 1) ]
3058 [ 0 1 ] [ (DC 1 0) ]
3060 [ 0 1 ] [ (DC 0 0) (CV 1 0) (DC 1 1) ]
3062 [ 0 1 ] [ (CV 0 1) (DC 0 1) ]
3063 [ 1 ] [ (DC 1 1) ]
3064 [ 0 1 ] [ (EC 0 0) (RT 1 1) ]
3065 [ 0 ] [ (DC 0 0) ]
3073 [ 0 1 ] [ (CV 0 1) ]
3074 [ 0 ] [ (RT 0 0) ]
3075 [ 0 1 ] [ (CV 1 0) ]
3076 [ 1 ] [ (RT 1 1) ]
3077 [ 0 1 ] [ (EC 1 0) ]
3079 [ 0 1 ] [ (DC 0 1) ]
3081 [ 0 ] [ (RT 0 0) (EC 0 0) ]
3082 [ 1 ] [ (RT 1 1) ]
3087 [ 0 1 ] [ (CV 0 1) ]
3088 [ 0 1 ] [ (RT 0 0) (EC 1 0) (RT 1 1) (EC 1 1) ]
3089 [ 0 1 ] [ (DC 1 0) ]
3090 [ 1 ] [ (EC 1 1) ]
3091 [ 1 ] [ (EC 1 1) ]
3092 [ 1 ] [ (EC 1 1) ]
3094 [ 0 1 ] [ (DC 1 0) ]
3095 [ 0 1 ] [ (EC 1 0) ]
3096 [ 0 1 ] [ (DC 0 1) ]
3098 [ 0 1 ] [ (CV 0 1) ]
3101 [ 0 1 ] [ (CV 0 1) (DC 0 1) ]
3103 [ 0 1 ] [ (DC 0 0) (EC 0 1) ]
3106 [ 0 ] [ (RT 0 0) ]
3110 [ 0 1 ] [ (EC 0 0) (EC 0 1) ]
3112 [ 0 1 ] [ (DC 1 0) ]
3113 [ 0 1 ] [ (EC 1 0) ]
3123 [ 0 1 ] [ (CV 0 1) (DC 0 1) ]
3127 [ 0 ] [ (EC 0 0) ]
3128 [ 0 1 ] [ (CV 1 0) ]
3130 [ 0 1 ] [ (DC 1 0) ]
3131 [ 0 1 ] [ (DC 0 0) (DC 1 1) ]
3133 [ 0 ] [ (EC 0 0) ]
3135 [ 0 1 ] [ (DC 0 1) ]
3137 [ 0 1 ] [ (CV 0 1) (EC 0 1) ]
3141 [ 0 1 ] [ (DC 0 0) (EC 1 1) ]
3142 [ 1 ] [ (EC 1 1) ]
3143 [ 0 1 ] [ (CV 1 0) ]
3144 [ 0 1 ] [ (EC 0 1) ]
3145 [ 0 1 ] [ (DC 0 1) ]
3146 [ 0 ] [ (DC 0 0) ]
3150 [ 0 ] [ (EC 0 0) ]
3151 [ 0 1 ] [ (CV 0 1) ]
3153 [ 1 ] [ (RT 1 1) ]
3156 [ 0 ] [ (EC 0 0) ]
3159 [ 1 ] [ (DC 1 1) ]
3160 [ 0 1 ] [ (EC 1 0) ]
3161 [ 0 1 ] [ (DC 1 0) ]
3162 [ 0 1 ] [ (CV 0 1) (DC 0 1) ]
3164 [ 0 ] [ (DC 0 0) ]
3165 [ 1 ] [ (DC 1 1) ]
3166 [ 0 1 ] [ (CV 1 0) ]
3171 [ 0 1 ] [ (EC 0 1) ]
3173 [ 0 1 ] [ (RT 0 0) (CV 1 0) ]
3174 [ 0 1 ] [ (DC 0 0) (DC 0 1) ]
3179 [ 0 ] [ (EC 0 0) ]
3181 [ 0 1 ] [ (CV 1 0) ]
3182 [ 1 ] [ (RT 1 1) ]
3184 [ 0 ] [ (DC 0 0) ]
3185 [ 0 1 ] [ (EC 1 0) ]
3187 [ 0 1 ] [ (CV 0 1) (EC 0 1) ]
3194 [ 0 ] [ (RT 0 0) ]
3196 [ 0 1 ] [ (EC 0 0) (CV 1 0) (EC 1 0) ]
3198 [ 1 ] [ (EC 1 1) ]
3199 [ 1 ] [ (DC 1 1) ]
3201 [ 0 1 ] [ (CV 0 1) (DC 0 1) ]
3202 [ 0 1 ] [ (EC 0 0) (DC 1 1) ]
3206 [ 1 ] [ (RT 1 1) ]
3207 [ 0 ] [ (DC 0 0) ]
3212 [ 0 1 ] [ (CV 0 1) ]
3217 [ 0 ] [ (DC 0 0) ]
3218 [ 0 1 ] [ (DC 0 1) ]
3219 [ 0 1 ] [ (EC 0 0) (CV 1 0) ]
3220 [ 0 1 ] [ (DC 1 0) ]
3225 [ 0 ] [ (EC 0 0) ]
3226 [ 0 1 ] [ (CV 0 1) ]
3230 [ 1 ] [ (DC 1 1) ]
3236 [ 1 ] [ (DC 1 1) ]
3240 [ 0 ] [ (RT 0 0) ]
3245 [ 0 1 ] [ (DC 0 1) ]
3247 [ 0 1 ] [ (RT 0 0) (RT 1 1) ]
3248 [ 0 1 ] [ (EC 0 0) (EC 0 1) ]
3249 [ 0 1 ] [ (CV 1 0) ]
3250 [ 0 1 ] [ (DC 0 0) (EC 1 0) (EC 1 1) ]
3251 [ 0 1 ] [ (CV 0 1) (DC 1 0) ]
3255 [ 0 ] [ (DC 0 0) ]
3257 [ 0 1 ] [ (CV 1 0) ]
3262 [ 0 1 ] [ (CV 0 1) (DC 0 1) ]
3264 [ 0 1 ] [ (CV 1 0) ]
3267 [ 1 ] [ (DC 1 1) ]
3273 [ 0 1 ] [ (EC 0 1) ]
3276 [ 0 1 ] [ (CV 0 1) ]
3277 [ 1 ] [ (RT 1 1) ]
3279 [ 0 1 ] [ (DC 0 1) ]
3282 [ 0 1 ] [ (EC 0 1) ]
3283 [ 0 ] [ (DC 0 0) ]
3287 [ 0 1 ] [ (CV 1 0) ]
3288 [ 0 ] [ (EC 0 0) ]
3290 [ 0 1 ] [ (CV 0 1) ]
3291 [ 0 1 ] [ (EC 0 1) ]
3292 [ 0 1 ] [ (DC 1 0) ]
3293 [ 0 ] [ (DC 0 0) ]
3294 [ 0 ] [ (EC 0 0) ]
3297 [ 0 1 ] [ (DC 1 0) ]
3298 [ 1 ] [ (DC 1 1) ]
3300 [ 0 1 ] [ (EC 0 1) ]
3301 [ 1 ] [ (EC 1 1) ]
3302 [ 0 1 ] [ (CV 1 0) ]
3304 [ 1 ] [ (DC 1 1) ]
3307 [ 1 ] [ (DC 1 1) ]
3310 [ 0 1 ] [ (DC 1 0) ]
3311 [ 0 ] [ (EC 0 0) ]
3316 [ 0 1 ] [ (EC 0 1) ]
3317 [ 0 ] [ (EC 0 0) ]
3318 [ 0 1 ] [ (DC 0 1) ]
3324 [ 1 ] [ (RT 1 1) ]
3325 [ 0 1 ] [ (EC 0 1) ]
3326 [ 0 1 ] [ (CV 0 1) ]
3330 [ 1 ] [ (RT 1 1) ]
3336 [ 0 1 ] [ (EC 1 0) ]
3338 [ 1 ] [ (DC 1 1) ]
3340 [ 0 1 ] [ (EC 0 0) (DC 0 1) ]
3341 [ 1 ] [ (DC 1 1) ]
3344 [ 1 ] [ (DC 1 1) ]
3347 [ 0 1 ] [ (EC 1 0) ]
3348 [ 0 1 ] [ (CV 1 0) ]
3350 [ 0 1 ] [ (EC 0 1) ]
3353 [ 0 1 ] [ (RT 0 0) (EC 1 1) ]
3354 [ 0 ] [ (DC 0 0) ]
3357 [ 0 1 ] [ (EC 0 0) (DC 0 1) ]
3359 [ 0 1 ] [ (EC 0 1) ]
3360 [ 0 ] [ (RT 0 0) ]
3362 [ 0 1 ] [ (DC 0 1) ]
3363 [ 0 1 ] [ (EC 0 0) (CV 1 0) ]
3364 [ 0 1 ] [ (DC 0 0) (DC 1 0) ]
3365 [ 0 1 ] [ (CV 0 1) ]
3367 [ 0 ] [ (RT 0 0) ]
3368 [ 0 1 ] [ (EC 0 1) ]
3369 [ 0 ] [ (DC 0 0) ]
3372 [ 1 ] [ (DC 1 1) ]
3374 [ 0 ] [ (DC 0 0) ]
3377 [ 0 1 ] [ (EC 0 1) ]
3378 [ 1 ] [ (DC 1 1) ]
3379 [ 0 1 ] [ (DC 0 1) ]
3380 [ 0 ] [ (EC 0 0) ]
3383 [ 1 ] [ (RT 1 1) ]
3384 [ 0 1 ] [ (DC 0 1) ]
3386 [ 0 ] [ (EC 0 0) ]
3387 [ 0 1 ] [ (DC 1 0) ]
3390 [ 0 1 ] [ (EC 1 0) ]
3395 [ 1 ] [ (RT 1 1) ]
3396 [ 0 1 ] [ (DC 0 1) ]
3397 [ 0 ] [ (DC 0 0) ]
3400 [ 0 1 ] [ (DC 1 0) ]
3401 [ 0 1 ] [ (CV 1 0) (DC 0 1) ]
3402 [ 0 1 ] [ (DC 0 0) (EC 0 1) ]
3404 [ 0 1 ] [ (CV 0 1) ]
3405 [ 1 ] [ (EC 1 1) ]
3406 [ 1 ] [ (EC 1 1) ]
3407 [ 1 ] [ (EC 1 1) ]
3408 [ 0 1 ] [ (CV 1 0) (EC 1 0) (EC 1 1) ]
3409 [ 1 ] [ (EC 1 1) (DC 1 1) ]
3411 [ 0 1 ] [ (EC 0 1) ]
3412 [ 1 ] [ (DC 1 1) ]
3413 [ 0 ] [ (RT 0 0) ]
3416 [ 0 1 ] [ (CV 1 0) ]
3420 [ 0 ] [ (RT 0 0) ]
3423 [ 0 1 ] [ (DC 1 0) ]
3426 [ 0 1 ] [ (CV 0 1) (EC 1 0) ]
3431 [ 0 1 ] [ (CV 1 0) ]
3432 [ 0 ] [ (EC 0 0) ]
3436 [ 0 1 ] [ (EC 0 1) (RT 1 1) ]
3437 [ 0 1 ] [ (EC 1 0) ]
3440 [ 0 1 ] [ (CV 0 1) (DC 1 1) ]
3441 [ 0 1 ] [ (DC 1 0) ]
3443 [ 1 ] [ (DC 1 1) ]
3444 [ 0 1 ] [ (EC 1 0) ]
3445 [ 0 1 ] [ (EC 0 1) ]
3446 [ 0 1 ] [ (CV 1 0) (DC 1 1) ]
3448 [ 1 ] [ (RT 1 1) ]
3449 [ 0 ] [ (EC 0 0) ]
3454 [ 0 1 ] [ (CV 0 1) (CV 1 0) (EC 0 1) (DC 1 0) (RT 1 1) ]
3455 [ 0 1 ] [ (EC 1 0) ]
3458 [ 1 ] [ (EC 1 1) ]
3459 [ 1 ] [ (EC 1 1) ]
3461 [ 1 ] [ (EC 1 1) ]
3462 [ 0 1 ] [ (EC 1 0) ]
3465 [ 0 1 ] [ (CV 0 1) ]
3466 [ 0 ] [ (RT 0 0) ]
3468 [ 0 ] [ (DC 0 0) ]
3469 [ 0 1 ] [ (CV 1 0) ]
3470 [ 0 1 ] [ (EC 0 1) ]
3472 [ 0 1 ] [ (DC 1 0) ]
3473 [ 0 ] [ (RT 0 0) (DC 0 0) ]
3474 [ 1 ] [ (DC 1 1) ]
3477 [ 0 1 ] [ (DC 1 0) ]
3478 [ 0 ] [ (DC 0 0) ]
3479 [ 0 1 ] [ (CV 0 1) (EC 0 1) ]
3480 [ 0 1 ] [ (RT 0 0) (EC 1 0) (DC 1 1) ]
3484 [ 0 1 ] [ (CV 1 0) (DC 0 1) ]
3490 [ 0 1 ] [ (DC 1 0) ]
3494 [ 0 ] [ (RT 0 0) ]
3495 [ 0 1 ] [ (EC 0 0) (RT 1 1) ]
3497 [ 0 1 ] [ (EC 0 1) ]
3498 [ 0 1 ] [ (EC 1 0) ]
3499 [ 0 1 ] [ (CV 1 0) ]
3501 [ 0 1 ] [ (EC 0 0) (DC 0 1) ]
4977 [ 0 1 ] [ (CV 0 1) ]
4978 [ 0 1 ] [ (EC 0 1) ]
4981 [ 0 1 ] [ (DC 1 0) ]
4984 [ 0 1 ] [ (EC 1 0) (DC 0 1) (DC 1 1) ]
4988 [ 0 ] [ (DC 0 0) ]
4989 [ 0 1 ] [ (DC 0 1) (EC 1 1) ]
4991 [ 0 1 ] [ (RT 0 0) (EC 0 0) (CV 0 1) ]
4992 [ 1 ] [ (EC 1 1) ]
4993 [ 1 ] [ (EC 1 1) ]
4994 [ 0 1 ] [ (DC 0 1) ]
4995 [ 1 ] [ (RT 1 1) ]
4996 [ 0 1 ] [ (EC 0 1) ]
4999 [ 0 1 ] [ (DC 1 0) ]
5016 [ 1 ] [ (RT 1 1) (DC 1 1) ]
5026 [ 0 ] [ (DC 0 0) ]
5030 [ 0 ] [ (RT 0 0) ]
5031 [ 1 ] [ (DC 1 1) ]
5048 [ 0 ] [ (EC 0 0) ]
5054 [ 1 ] [ (EC 1 1) ]
5059 [ 0 ] [ (DC 0 0) ]
5064 [ 0 ] [ (DC 0 0) ]
5069 [ 0 ] [ (DC 0 0) ]
5074 [ 0 ] [ (DC 0 0) ]
5077 [ 0 ] [ (EC 0 0) ]
5083 [ 1 ] [ (RT 1 1) ]
5097 [ 1 ] [ (RT 1 1) ]
5100 [ 0 ] [ (EC 0 0) ]
5107 [ 0 ] [ (DC 0 0) ]
5111 [ 1 ] [ (RT 1 1) ]
5123 [ 0 ] [ (EC 0 0) ]
5130 [ 0 ] [ (DC 0 0) ]
5135 [ 1 ] [ (DC 1 1) ]
5136 [ 0 ] [ (RT 0 0) ]
5143 [ 1 ] [ (RT 1 1) ]
5145 [ 0 ] [ (DC 0 0) ]
5146 [ 0 ] [ (EC 0 0) ]
5150 [ 1 ] [ (RT 1 1) ]
5152 [ 1 ] [ (EC 1 1) ]
5157 [ 1 ] [ (RT 1 1) ]
5169 [ 0 ] [ (EC 0 0) ]
5173 [ 0 ] [ (DC 0 0) ]
5178 [ 1 ] [ (DC 1 1) ]
5189 [ 0 ] [ (RT 0 0) ]
5198 [ 0 ] [ (EC 0 0) ]
5203 [ 0 ] [ (RT 0 0) ]
5206 [ 0 ] [ (DC 0 0) ]
5210 [ 0 ] [ (RT 0 0) ]
5211 [ 1 ] [ (DC 1 1) ]
5216 [ 1 ] [ (DC 1 1) ]
5217 [ 1 ] [ (RT 1 1) ]
5221 [ 0 ] [ (EC 0 0) ]
5224 [ 1 ] [ (RT 1 1) ]
5249 [ 0 ] [ (RT 0 0) ]
5256 [ 0 ] [ (RT 0 0) ]
5259 [ 1 ] [ (DC 1 1) ]
5261 [ 0 ] [ (EC 0 0) ]
5263 [ 0 ] [ (RT 0 0) ]
5270 [ 1 ] [ (RT 1 1) ]
5277 [ 1 ] [ (RT 1 1) ]
5284 [ 1 ] [ (RT 1 1) (EC 1 1) ]
5297 [ 1 ] [ (DC 1 1) ]
5307 [ 0 ] [ (EC 0 0) ]
5309 [ 1 ] [ (RT 1 1) ]
5313 [ 0 ] [ (EC 0 0) ]
5316 [ 0 ] [ (RT 0 0) ]
5373 [ 0 ] [ (DC 0 0) ]
5376 [ 0 ] [ (RT 0 0) (EC 0 0) ]
5382 [ 1 ] [ (EC 1 1) ]
5383 [ 0 ] [ (RT 0 0) ]
5390 [ 0 ] [ (RT 0 0) ]
5399 [ 1 ] [ (EC 1 1) ]
5401 [ 0 ] [ (DC 0 0) ]
5406 [ 1 ] [ (DC 1 1) ]
5422 [ 0 ] [ (RT 0 0) (EC 0 0) ]
5428 [ 1 ] [ (EC 1 1) ]
5434 [ 0 ] [ (DC 0 0) ]
5436 [ 1 ] [ (RT 1 1) ]
5445 [ 0 ] [ (EC 0 0) ]
5449 [ 1 ] [ (DC 1 1) ]
5451 [ 1 ] [ (EC 1 1) ]
5468 [ 0 ] [ (EC 0 0) ]
5482 [ 0 ] [ (RT 0 0) ]
5491 [ 0 ] [ (EC 0 0) ]
5496 [ 1 ] [ (RT 1 1) ]
5497 [ 0 ] [ (EC 0 0) ]
5503 [ 1 ] [ (EC 1 1) ]
5514 [ 1 ] [ (EC 1 1) ]
5515 [ 0 ] [ (DC 0 0) ]
5526 [ 0 ] [ (EC 0 0) ]
5535 [ 0 ] [ (RT 0 0) ]
5548 [ 1 ] [ (DC 1 1) ]
5549 [ 0 ] [ (RT 0 0) ]
5553 [ 0 ] [ (DC 0 0) ]
5556 [ 0 ] [ (RT 0 0) ]
5566 [ 1 ] [ (EC 1 1) ]
5570 [ 0 ] [ (RT 0 0) ]
5583 [ 1 ] [ (EC 1 1) ]
5586 [ 0 ] [ (DC 0 0) ]
5595 [ 0 ] [ (EC 0 0) ]
5596 [ 1 ] [ (DC 1 1) ]
5601 [ 1 ] [ (DC 1 1) ]
5609 [ 0 ] [ (RT 0 0) ]
5623 [ 0 ] [ (RT 0 0) ]
5624 [ 1 ] [ (DC 1 1) ]
5635 [ 0 ] [ (EC 0 0) ]
5639 [ 0 ] [ (DC 0 0) ]
5648 [ 1 ] [ (RT 1 1) ]
5652 [ 1 ] [ (EC 1 1) ]
5655 [ 1 ] [ (RT 1 1) ]
5657 [ 1 ] [ (DC 1 1) ]
5662 [ 0 ] [ (RT 0 0) (DC 0 0) ]
5667 [ 0 ] [ (DC 0 0) ]
5672 [ 0 ] [ (DC 0 0) ]
5687 [ 1 ] [ (EC 1 1) ]
5690 [ 0 ] [ (RT 0 0) ]
5700 [ 1 ] [ (DC 1 1) ]
5704 [ 1 ] [ (EC 1 1) ]
5705 [ 0 ] [ (DC 0 0) ]
5710 [ 0 ] [ (EC 0 0) (DC 0 0) ]
5722 [ 0 ] [ (RT 0 0) ]
5733 [ 0 ] [ (EC 0 0) ]
5736 [ 0 ] [ (RT 0 0) ]
5738 [ 0 ] [ (DC 0 0) ]
5743 [ 0 ] [ (RT 0 0) ]
5744 [ 0 ] [ (EC 0 0) ]
5750 [ 0 ] [ (EC 0 0) ]
5756 [ 1 ] [ (EC 1 1) ]
5776 [ 0 ] [ (DC 0 0) ]
5779 [ 1 ] [ (EC 1 1) ]
5781 [ 1 ] [ (DC 1 1) ]
5796 [ 0 ] [ (RT 0 0) (EC 0 0) ]
5819 [ 0 ] [ (EC 0 0) (DC 0 0) ]
5824 [ 1 ] [ (DC 1 1) ]
5825 [ 1 ] [ (EC 1 1) ]
5828 [ 0 ] [ (RT 0 0) ]
5835 [ 0 ] [ (RT 0 0) ]
5847 [ 0 ] [ (DC 0 0) ]
5848 [ 0 ] [ (EC 0 0) ]
5849 [ 0 ] [ (RT 0 0) ]
5856 [ 0 ] [ (RT 0 0) ]
5859 [ 1 ] [ (EC 1 1) ]
5862 [ 0 ] [ (DC 0 0) ]
5865 [ 0 ] [ (EC 0 0) ]
5885 [ 0 ] [ (DC 0 0) ]
5890 [ 1 ] [ (DC 1 1) ]
5894 [ 0 ] [ (EC 0 0) ]
5895 [ 0 ] [ (DC 0 0) ]
5902 [ 1 ] [ (RT 1 1) ]
5909 [ 1 ] [ (RT 1 1) ]
5916 [ 1 ] [ (RT 1 1) ]
5917 [ 0 ] [ (EC 0 0) ]
5928 [ 0 ] [ (DC 0 0) ]
5934 [ 1 ] [ (EC 1 1) ]
5948 [ 0 ] [ (RT 0 0) ]
5955 [ 1 ] [ (RT 1 1) ]
5963 [ 0 ] [ (EC 0 0) ]
5966 [ 1 ] [ (DC 1 1) ]
5969 [ 0 ] [ (RT 0 0) ]
5971 [ 1 ] [ (DC 1 1) ]
5976 [ 1 ] [ (DC 1 1) ]
5986 [ 1 ] [ (EC 1 1) ]
6003 [ 0 ] [ (EC 0 0) ]
6009 [ 0 ] [ (DC 0 0) ]
6015 [ 1 ] [ (RT 1 1) ]
6026 [ 1 ] [ (EC 1 1) ]
6032 [ 1 ] [ (EC 1 1) ]
6036 [ 1 ] [ (RT 1 1) ]
6037 [ 0 ] [ (DC 0 0) ]
6042 [ 1 ] [ (DC 1 1) ]
6049 [ 0 ] [ (EC 0 0) ]
6054 [ 0 ] [ (RT 0 0) ]
6075 [ 1 ] [ (RT 1 1) (DC 1 1) ]
6078 [ 0 ] [ (EC 0 0) ]
6085 [ 1 ] [ (DC 1 1) ]
6118 [ 0 ] [ (EC 0 0) ]
6124 [ 1 ] [ (EC 1 1) ]
6135 [ 0 ] [ (RT 0 0) ]
6141 [ 0 ] [ (EC 0 0) ]
6151 [ 1 ] [ (DC 1 1) ]
6166 [ 1 ] [ (DC 1 1) ]
6167 [ 0 ] [ (RT 0 0) ]
6187 [ 1 ] [ (EC 1 1) ]
6188 [ 1 ] [ (RT 1 1) ]
6189 [ 1 ] [ (DC 1 1) ]
6195 [ 0 ] [ (RT 0 0) ]
6210 [ 0 ] [ (EC 0 0) ]
6216 [ 0 ] [ (EC 0 0) ]
6227 [ 0 ] [ (DC 0 0) ]
6232 [ 0 ] [ (DC 0 0) ]
6233 [ 0 ] [ (EC 0 0) ]
6237 [ 1 ] [ (DC 1 1) ]
6241 [ 1 ] [ (RT 1 1) ]
6248 [ 1 ] [ (RT 1 1) ]
6256 [ 1 ] [ (EC 1 1) ]
6265 [ 0 ] [ (DC 0 0) ]
6279 [ 1 ] [ (EC 1 1) ]
6280 [ 1 ] [ (DC 1 1) ]
6291 [ 1 ] [ (EC 1 1) ]
6301 [ 1 ] [ (RT 1 1) ]
6302 [ 1 ] [ (EC 1 1) ]
6308 [ 0 ] [ (RT 0 0) (EC 0 0) ]
6314 [ 1 ] [ (EC 1 1) ]
6322 [ 1 ] [ (RT 1 1) ]
6331 [ 0 ] [ (EC 0 0) ]
6360 [ 1 ] [ (EC 1 1) ]
6371 [ 1 ] [ (EC 1 1) ]
6377 [ 1 ] [ (EC 1 1) ]
6379 [ 1 ] [ (DC 1 1) ]
6383 [ 1 ] [ (EC 1 1) ]
6400 [ 0 ] [ (RT 0 0) (EC 0 0) ]
6407 [ 0 ] [ (RT 0 0) ]
6414 [ 1 ] [ (RT 1 1) ]
6417 [ 1 ] [ (EC 1 1) ]
6422 [ 0 ] [ (DC 0 0) ]
6423 [ 1 ] [ (EC 1 1) ]
6427 [ 1 ] [ (DC 1 1) ]
6429 [ 1 ] [ (EC 1 1) ]
6435 [ 1 ] [ (RT 1 1) ]
6452 [ 1 ] [ (EC 1 1) ]
6465 [ 0 ] [ (DC 0 0) ]
6467 [ 1 ] [ (RT 1 1) ]
6469 [ 0 ] [ (EC 0 0) ]
6488 [ 1 ] [ (RT 1 1) (DC 1 1) ]
6493 [ 1 ] [ (DC 1 1) ]
6495 [ 0 ] [ (RT 0 0) ]
6498 [ 1 ] [ (EC 1 1) (DC 1 1) ]
6520 [ 1 ] [ (RT 1 1) ]
6521 [ 1 ] [ (EC 1 1) ]
6534 [ 0 ] [ (RT 0 0) ]
6536 [ 0 ] [ (DC 0 0) ]
6538 [ 1 ] [ (EC 1 1) ]
6541 [ 1 ] [ (DC 1 1) ]
6548 [ 1 ] [ (RT 1 1) ]
6569 [ 0 ] [ (DC 0 0) ]
6587 [ 0 ] [ (RT 0 0) ]
6590 [ 1 ] [ (EC 1 1) ]
6594 [ 1 ] [ (RT 1 1) ]
6607 [ 1 ] [ (DC 1 1) ]
6612 [ 0 ] [ (DC 0 0) ]
6630 [ 0 ] [ (EC 0 0) ]
6633 [ 0 ] [ (RT 0 0) ]
6636 [ 1 ] [ (EC 1 1) ]
6640 [ 0 ] [ (RT 0 0) (DC 0 0) ]
6645 [ 1 ] [ (DC 1 1) ]
6647 [ 0 ] [ (RT 0 0) ]
6654 [ 1 ] [ (RT 1 1) ]
6688 [ 0 ] [ (DC 0 0) ]
6693 [ 0 ] [ (RT 0 0) ]
6700 [ 0 ] [ (RT 0 0) ]
6714 [ 1 ] [ (RT 1 1) ]
6721 [ 1 ] [ (RT 1 1) (DC 1 1) ]
6722 [ 1 ] [ (EC 1 1) ]
6728 [ 1 ] [ (EC 1 1) ]
6745 [ 0 ] [ (EC 0 0) ]
6754 [ 0 ] [ (DC 0 0) ]
6759 [ 1 ] [ (DC 1 1) ]
6768 [ 1 ] [ (EC 1 1) ]
6774 [ 0 ] [ (RT 0 0) (EC 0 0) ]
6788 [ 1 ] [ (RT 1 1) ]
6791 [ 1 ] [ (EC 1 1) ]
6797 [ 1 ] [ (EC 1 1) (DC 1 1) ]
6802 [ 0 ] [ (DC 0 0) ]
6814 [ 1 ] [ (EC 1 1) ]
6830 [ 1 ] [ (DC 1 1) ]
6835 [ 0 ] [ (DC 0 0) ]
6841 [ 0 ] [ (RT 0 0) ]
6843 [ 0 ] [ (EC 0 0) ]
6868 [ 1 ] [ (DC 1 1) ]
6873 [ 1 ] [ (RT 1 1) ]
6880 [ 0 ] [ (RT 0 0) ]
6883 [ 1 ] [ (EC 1 1) ]
6901 [ 0 ] [ (RT 0 0) ]
6906 [ 1 ] [ (DC 1 1) ]
6916 [ 1 ] [ (DC 1 1) ]
6918 [ 1 ] [ (EC 1 1) ]
6933 [ 0 ] [ (RT 0 0) ]
6935 [ 0 ] [ (EC 0 0) ]
6940 [ 1 ] [ (RT 1 1) ]
6944 [ 1 ] [ (DC 1 1) ]
6947 [ 0 ] [ (RT 0 0) ]
6949 [ 1 ] [ (DC 1 1) ]
6952 [ 1 ] [ (EC 1 1) ]
6954 [ 1 ] [ (DC 1 1) ]
6958 [ 1 ] [ (EC 1 1) ]
6964 [ 1 ] [ (EC 1 1) ]
6979 [ 0 ] [ (RT 0 0) ]
6986 [ 1 ] [ (RT 1 1) ]
6987 [ 1 ] [ (EC 1 1) ]
6992 [ 1 ] [ (DC 1 1) ]
6997 [ 1 ] [ (DC 1 1) ]
7000 [ 0 ] [ (RT 0 0) ]
7010 [ 1 ] [ (EC 1 1) ]
7014 [ 0 ] [ (RT 0 0) ]
7025 [ 1 ] [ (DC 1 1) ]
7027 [ 1 ] [ (EC 1 1) ]
7033 [ 1 ] [ (EC 1 1) ]
7035 [ 1 ] [ (DC 1 1) ]
7046 [ 1 ] [ (RT 1 1) ]
7063 [ 0 ] [ (DC 0 0) ]
7067 [ 0 ] [ (RT 0 0) ]
7074 [ 1 ] [ (RT 1 1) ]
7090 [ 0 ] [ (EC 0 0) ]
7096 [ 0 ] [ (EC 0 0) (DC 0 0) ]
7099 [ 0 ] [ (RT 0 0) ]
7102 [ 0 ] [ (EC 0 0) ]
7106 [ 1 ] [ (RT 1 1) (DC 1 1) ]
7111 [ 0 ] [ (DC 0 0) ]
7113 [ 1 ] [ (RT 1 1) (EC 1 1) ]
7119 [ 1 ] [ (EC 1 1) ]
7120 [ 0 ] [ (RT 0 0) ]
7127 [ 0 ] [ (RT 0 0) ]
7134 [ 0 ] [ (RT 0 0) ]
7139 [ 0 ] [ (DC 0 0) ]
7142 [ 0 ] [ (EC 0 0) ]
7148 [ 0 ] [ (EC 0 0) ]
7159 [ 1 ] [ (RT 1 1) ]
7172 [ 1 ] [ (DC 1 1) ]
7177 [ 1 ] [ (DC 1 1) ]
7180 [ 1 ] [ (RT 1 1) ]
7182 [ 1 ] [ (EC 1 1) (DC 1 1) ]
7187 [ 0 ] [ (DC 0 0) ]
7188 [ 0 ] [ (EC 0 0) ]
7210 [ 0 ] [ (DC 0 0) ]
7211 [ 0 ] [ (EC 0 0) ]
7217 [ 1 ] [ (EC 1 1) ]
7220 [ 1 ] [ (DC 1 1) ]
7233 [ 1 ] [ (RT 1 1) ]
7234 [ 0 ] [ (EC 0 0) ]
7240 [ 0 ] [ (RT 0 0) (EC 0 0) ]
7247 [ 1 ] [ (RT 1 1) ]
7257 [ 0 ] [ (EC 0 0) ]
7258 [ 0 ] [ (DC 0 0) ]
7279 [ 1 ] [ (RT 1 1) ]
7280 [ 0 ] [ (EC 0 0) ]
7281 [ 1 ] [ (DC 1 1) ]
7286 [ 0 ] [ (EC 0 0) (DC 0 0) ]
7291 [ 0 ] [ (DC 0 0) ]
7293 [ 0 ] [ (RT 0 0) ]
7300 [ 1 ] [ (RT 1 1) ]
7303 [ 0 ] [ (EC 0 0) ]
7307 [ 1 ] [ (RT 1 1) ]
7309 [ 1 ] [ (EC 1 1) ]
7324 [ 0 ] [ (DC 0 0) ]
7332 [ 1 ] [ (EC 1 1) ]
7346 [ 0 ] [ (RT 0 0) ]
7349 [ 1 ] [ (EC 1 1) ]
7355 [ 0 ] [ (EC 0 0) ]
7357 [ 1 ] [ (DC 1 1) ]
7367 [ 0 ] [ (DC 0 0) ]
7378 [ 0 ] [ (EC 0 0) ]
7392 [ 1 ] [ (RT 1 1) ]
7395 [ 1 ] [ (EC 1 1) ]
7401 [ 1 ] [ (EC 1 1) ]
7406 [ 0 ] [ (RT 0 0) ]
7413 [ 1 ] [ (RT 1 1) ]
7418 [ 0 ] [ (EC 0 0) ]
7438 [ 1 ] [ (DC 1 1) ]
7443 [ 1 ] [ (DC 1 1) ]
7447 [ 0 ] [ (EC 0 0) ]
7448 [ 1 ] [ (DC 1 1) ]
7459 [ 1 ] [ (RT 1 1) ]
7464 [ 1 ] [ (EC 1 1) ]
7470 [ 1 ] [ (EC 1 1) ]
7476 [ 1 ] [ (DC 1 1) ]
7481 [ 0 ] [ (DC 0 0) ]
7505 [ 1 ] [ (RT 1 1) ]
7512 [ 1 ] [ (RT 1 1) ]
7514 [ 0 ] [ (DC 0 0) ]
7524 [ 0 ] [ (DC 0 0) ]
7533 [ 0 ] [ (EC 0 0) ]
7545 [ 1 ] [ (EC 1 1) ]
7547 [ 1 ] [ (DC 1 1) ]
7552 [ 1 ] [ (DC 1 1) ]
7556 [ 1 ] [ (EC 1 1) ]
7558 [ 0 ] [ (RT 0 0) ]
7565 [ 1 ] [ (RT 1 1) ]
7572 [ 1 ] [ (RT 1 1) ]
7585 [ 0 ] [ (EC 0 0) ]
7590 [ 1 ] [ (DC 1 1) ]
7595 [ 0 ] [ (DC 0 0) ]
7602 [ 0 ] [ (EC 0 0) ]
7608 [ 1 ] [ (EC 1 1) ]
7618 [ 1 ] [ (RT 1 1) ]
7625 [ 1 ] [ (RT 1 1) ]
7653 [ 0 ] [ (RT 0 0) ]
7654 [ 0 ] [ (EC 0 0) ]
7660 [ 1 ] [ (EC 1 1) ]
7661 [ 1 ] [ (DC 1 1) ]
7666 [ 0 ] [ (DC 0 0) ]
7671 [ 0 ] [ (DC 0 0) ]
7676 [ 0 ] [ (DC 0 0) ]
7677 [ 0 ] [ (EC 0 0) ]
7683 [ 0 ] [ (EC 0 0) ]
7692 [ 0 ] [ (RT 0 0) ]
7694 [ 0 ] [ (EC 0 0) ]
7699 [ 0 ] [ (DC 0 0) ]
7700 [ 1 ] [ (EC 1 1) ]
7704 [ 0 ] [ (DC 0 0) ]
7706 [ 1 ] [ (RT 1 1) (EC 1 1) ]
7729 [ 0 ] [ (EC 0 0) ]
7731 [ 1 ] [ (RT 1 1) ]
7737 [ 1 ] [ (DC 1 1) ]
7738 [ 1 ] [ (RT 1 1) ]
7747 [ 1 ] [ (DC 1 1) ]
7752 [ 0 ] [ (EC 0 0) ]
7759 [ 0 ] [ (RT 0 0) ]
7780 [ 1 ] [ (DC 1 1) ]
7790 [ 1 ] [ (DC 1 1) ]
7798 [ 0 ] [ (RT 0 0) (EC 0 0) ]
7812 [ 1 ] [ (RT 1 1) ]
7815 [ 0 ] [ (EC 0 0) ]
7821 [ 0 ] [ (EC 0 0) ]
7823 [ 1 ] [ (DC 1 1) ]
7828 [ 0 ] [ (DC 0 0) ]
7851 [ 1 ] [ (RT 1 1) (DC 1 1) ]
7856 [ 1 ] [ (DC 1 1) ]
7858 [ 0 ] [ (RT 0 0) ]
7861 [ 1 ] [ (EC 1 1) ]
7872 [ 1 ] [ (RT 1 1) ]
7886 [ 0 ] [ (RT 0 0) ]
7890 [ 0 ] [ (EC 0 0) ]
7894 [ 0 ] [ (DC 0 0) ]
7901 [ 0 ] [ (EC 0 0) ]
7918 [ 1 ] [ (RT 1 1) ]
7927 [ 1 ] [ (DC 1 1) ]
7936 [ 1 ] [ (EC 1 1) ]
7937 [ 0 ] [ (DC 0 0) ]
7939 [ 1 ] [ (RT 1 1) ]
7942 [ 1 ] [ (DC 1 1) ]
7959 [ 1 ] [ (EC 1 1) ]
7965 [ 1 ] [ (DC 1 1) ]
7970 [ 1 ] [ (DC 1 1) ]
7975 [ 0 ] [ (DC 0 0) ]
7980 [ 1 ] [ (DC 1 1) ]
7985 [ 0 ] [ (RT 0 0) ]
7992 [ 1 ] [ (RT 1 1) ]
7998 [ 1 ] [ (DC 1 1) ]
8003 [ 1 ] [ (DC 1 1) ]
8005 [ 0 ] [ (EC 0 0) ]
8028 [ 1 ] [ (EC 1 1) ]
8031 [ 0 ] [ (RT 0 0) ]
8038 [ 1 ] [ (RT 1 1) ]
8051 [ 0 ] [ (EC 0 0) (DC 0 0) ]
8052 [ 1 ] [ (RT 1 1) ]
8068 [ 1 ] [ (EC 1 1) ]
8074 [ 0 ] [ (EC 0 0) ]
8077 [ 0 ] [ (RT 0 0) ]
8079 [ 0 ] [ (DC 0 0) ]
8084 [ 1 ] [ (RT 1 1) (DC 1 1) ]
8089 [ 0 ] [ (DC 0 0) ]
8091 [ 0 ] [ (RT 0 0) ]
8098 [ 1 ] [ (RT 1 1) ]
8105 [ 1 ] [ (RT 1 1) ]
8117 [ 0 ] [ (DC 0 0) ]
8127 [ 1 ] [ (DC 1 1) ]
8137 [ 1 ] [ (RT 1 1) (EC 1 1) ]
8144 [ 0 ] [ (RT 0 0) ]
8149 [ 1 ] [ (EC 1 1) ]
8165 [ 0 ] [ (RT 0 0) ]
8193 [ 1 ] [ (DC 1 1) ]
8197 [ 0 ] [ (RT 0 0) ]
8203 [ 0 ] [ (DC 0 0) ]
8204 [ 0 ] [ (RT 0 0) ]
8206 [ 0 ] [ (EC 0 0) ]
8211 [ 1 ] [ (RT 1 1) ]
8212 [ 1 ] [ (EC 1 1) ]
8218 [ 1 ] [ (RT 1 1) ]
8229 [ 1 ] [ (EC 1 1) ]
8231 [ 1 ] [ (DC 1 1) ]
8235 [ 1 ] [ (EC 1 1) ]
8257 [ 0 ] [ (RT 0 0) ]
8264 [ 0 ] [ (RT 0 0) (EC 0 0) ]
8269 [ 1 ] [ (DC 1 1) ]
8271 [ 1 ] [ (RT 1 1) ]
8278 [ 0 ] [ (RT 0 0) ]
8279 [ 1 ] [ (DC 1 1) ]
8281 [ 1 ] [ (EC 1 1) ]
8285 [ 0 ] [ (RT 0 0) ]
8298 [ 0 ] [ (EC 0 0) ]
8304 [ 1 ] [ (EC 1 1) ]
8307 [ 1 ] [ (DC 1 1) ]
8310 [ 0 ] [ (RT 0 0) (EC 0 0) ]
8317 [ 1 ] [ (RT 1 1) (DC 1 1) ]
8324 [ 0 ] [ (RT 0 0) ]
8327 [ 0 ] [ (EC 0 0) ]
8333 [ 0 ] [ (EC 0 0) ]
8338 [ 1 ] [ (RT 1 1) ]
8340 [ 0 ] [ (DC 0 0) ]
8344 [ 1 ] [ (EC 1 1) ]
8345 [ 1 ] [ (DC 1 1) ]
8356 [ 1 ] [ (EC 1 1) ]
8367 [ 0 ] [ (EC 0 0) ]
8370 [ 1 ] [ (RT 1 1) ]
8373 [ 0 ] [ (EC 0 0) ]
8377 [ 0 ] [ (RT 0 0) ]
8379 [ 1 ] [ (EC 1 1) ]
8383 [ 0 ] [ (DC 0 0) ]
8384 [ 0 ] [ (RT 0 0) ]
8388 [ 1 ] [ (DC 1 1) ]
8390 [ 1 ] [ (EC 1 1) ]
8398 [ 0 ] [ (RT 0 0) ]
8402 [ 1 ] [ (EC 1 1) ]
8416 [ 1 ] [ (DC 1 1) ]
8423 [ 0 ] [ (RT 0 0) ]
8426 [ 0 ] [ (DC 0 0) ]
8430 [ 0 ] [ (RT 0 0) ]
8431 [ 0 ] [ (DC 0 0) ]
8442 [ 1 ] [ (EC 1 1) ]
8444 [ 0 ] [ (RT 0 0) ]
8448 [ 0 ] [ (EC 0 0) ]
8454 [ 1 ] [ (DC 1 1) ]
8459 [ 1 ] [ (EC 1 1) (DC 1 1) ]
8464 [ 0 ] [ (DC 0 0) ]
8483 [ 1 ] [ (RT 1 1) ]
8490 [ 0 ] [ (RT 0 0) ]
8497 [ 0 ] [ (DC 0 0) ]
8502 [ 1 ] [ (DC 1 1) ]
8511 [ 0 ] [ (RT 0 0) ]
8517 [ 0 ] [ (EC 0 0) ]
8518 [ 0 ] [ (RT 0 0) ]
8528 [ 1 ] [ (EC 1 1) ]
8530 [ 1 ] [ (DC 1 1) ]
8534 [ 1 ] [ (EC 1 1) ]
8540 [ 1 ] [ (EC 1 1) ]
8545 [ 0 ] [ (DC 0 0) ]
8557 [ 0 ] [ (RT 0 0) (EC 0 0) ]
8563 [ 0 ] [ (EC 0 0) ]
8564 [ 1 ] [ (RT 1 1) ]
8571 [ 0 ] [ (RT 0 0) ]
8578 [ 1 ] [ (RT 1 1) ]
8596 [ 1 ] [ (RT 1 1) ]
8603 [ 0 ] [ (RT 0 0) (EC 0 0) ]
8609 [ 0 ] [ (EC 0 0) ]
8611 [ 1 ] [ (DC 1 1) ]
8616 [ 1 ] [ (DC 1 1) ]
8617 [ 0 ] [ (RT 0 0) ]
8621 [ 0 ] [ (DC 0 0) ]
8626 [ 0 ] [ (EC 0 0) ]
8632 [ 0 ] [ (EC 0 0) ]
8649 [ 1 ] [ (EC 1 1) ]
8672 [ 1 ] [ (EC 1 1) ]
8678 [ 0 ] [ (EC 0 0) ]
8684 [ 0 ] [ (RT 0 0) ]
8687 [ 1 ] [ (DC 1 1) ]
8692 [ 1 ] [ (DC 1 1) ]
8718 [ 1 ] [ (EC 1 1) ]
8720 [ 0 ] [ (DC 0 0) ]
8724 [ 1 ] [ (EC 1 1) ]
8725 [ 1 ] [ (DC 1 1) ]
8730 [ 1 ] [ (DC 1 1) ]
8737 [ 1 ] [ (RT 1 1) ]
8741 [ 1 ] [ (EC 1 1) ]
8744 [ 1 ] [ (RT 1 1) ]
8768 [ 1 ] [ (DC 1 1) ]
8787 [ 1 ] [ (EC 1 1) ]
8796 [ 1 ] [ (DC 1 1) ]
8797 [ 0 ] [ (RT 0 0) ]
8801 [ 1 ] [ (DC 1 1) ]
8804 [ 1 ] [ (RT 1 1) ]
8806 [ 0 ] [ (DC 0 0) ]
8811 [ 0 ] [ (DC 0 0) ]
8816 [ 0 ] [ (EC 0 0) ]
8836 [ 1 ] [ (RT 1 1) ]
8839 [ 0 ] [ (EC 0 0) (DC 0 0) ]
8844 [ 1 ] [ (DC 1 1) ]
8857 [ 0 ] [ (RT 0 0) ]
8862 [ 0 ] [ (EC 0 0) ]
8877 [ 1 ] [ (DC 1 1) ]
8887 [ 0 ] [ (DC 0 0) ]
8889 [ 1 ] [ (RT 1 1) ]
8891 [ 0 ] [ (EC 0 0) ]
8896 [ 1 ] [ (RT 1 1) ]
8908 [ 0 ] [ (EC 0 0) ]
8910 [ 0 ] [ (RT 0 0) ]
8917 [ 1 ] [ (RT 1 1) ]
8924 [ 0 ] [ (RT 0 0) ]
8925 [ 0 ] [ (EC 0 0) ]
8943 [ 0 ] [ (DC 0 0) ]
8948 [ 1 ] [ (DC 1 1) ]
8956 [ 1 ] [ (RT 1 1) ]
8958 [ 0 ] [ (DC 0 0) ]
8963 [ 1 ] [ (RT 1 1) ]
8970 [ 1 ] [ (RT 1 1) ]
8977 [ 1 ] [ (EC 1 1) ]
8996 [ 0 ] [ (DC 0 0) ]
9017 [ 1 ] [ (EC 1 1) ]
9023 [ 0 ] [ (RT 0 0) ]
9024 [ 0 ] [ (DC 0 0) ]
9029 [ 1 ] [ (DC 1 1) ]
9034 [ 1 ] [ (DC 1 1) ]
9040 [ 1 ] [ (EC 1 1) ]
9046 [ 0 ] [ (EC 0 0) ]
9052 [ 1 ] [ (EC 1 1) ]
9062 [ 1 ] [ (DC 1 1) ]
9067 [ 1 ] [ (DC 1 1) ]
9069 [ 0 ] [ (RT 0 0) ]
9072 [ 1 ] [ (DC 1 1) ]
9075 [ 0 ] [ (EC 0 0) ]
9083 [ 0 ] [ (RT 0 0) ]
9092 [ 0 ] [ (EC 0 0) ]
9098 [ 0 ] [ (EC 0 0) ]
9110 [ 0 ] [ (DC 0 0) ]
9115 [ 1 ] [ (EC 1 1) ]
9121 [ 0 ] [ (EC 0 0) ]
9129 [ 0 ] [ (RT 0 0) ]
9136 [ 1 ] [ (RT 1 1) ]
9138 [ 0 ] [ (EC 0 0) (DC 0 0) ]
9143 [ 1 ] [ (RT 1 1) ]
9144 [ 0 ] [ (EC 0 0) ]
9148 [ 1 ] [ (DC 1 1) ]
9161 [ 1 ] [ (EC 1 1) ]
9167 [ 0 ] [ (EC 0 0) ]
9175 [ 0 ] [ (RT 0 0) ]
9181 [ 0 ] [ (DC 0 0) ]
9182 [ 1 ] [ (RT 1 1) ]
9184 [ 1 ] [ (EC 1 1) ]
9186 [ 1 ] [ (DC 1 1) ]
9203 [ 1 ] [ (RT 1 1) ]
9207 [ 1 ] [ (EC 1 1) ]
9219 [ 1 ] [ (DC 1 1) ]
9235 [ 0 ] [ (RT 0 0) ]
9242 [ 1 ] [ (RT 1 1) ]
9249 [ 0 ] [ (RT 0 0) ]
9262 [ 1 ] [ (DC 1 1) ]
9263 [ 0 ] [ (RT 0 0) ]
9282 [ 0 ] [ (EC 0 0) ]
9300 [ 1 ] [ (DC 1 1) ]
9305 [ 1 ] [ (EC 1 1) ]
9316 [ 0 ] [ (RT 0 0) ]
9328 [ 1 ] [ (EC 1 1) (DC 1 1) ]
9333 [ 0 ] [ (DC 0 0) ]
9338 [ 1 ] [ (DC 1 1) ]
9345 [ 0 ] [ (EC 0 0) ]
9348 [ 0 ] [ (RT 0 0) ]
9351 [ 1 ] [ (EC 1 1) ]
9366 [ 1 ] [ (DC 1 1) ]
9368 [ 0 ] [ (EC 0 0) ]
9371 [ 1 ] [ (DC 1 1) ]
9376 [ 1 ] [ (DC 1 1) ]
9383 [ 1 ] [ (RT 1 1) ]
9399 [ 0 ] [ (DC 0 0) ]
9409 [ 0 ] [ (DC 0 0) ]
9414 [ 1 ] [ (EC 1 1) ]
9415 [ 0 ] [ (RT 0 0) ]
9420 [ 0 ] [ (EC 0 0) ]
9422 [ 0 ] [ (RT 0 0) ]
9442 [ 0 ] [ (DC 0 0) ]
9443 [ 0 ] [ (RT 0 0) (EC 0 0) ]
9447 [ 0 ] [ (DC 0 0) ]
9452 [ 1 ] [ (DC 1 1) ]
9461 [ 1 ] [ (RT 1 1) ]
9466 [ 1 ] [ (EC 1 1) ]
9475 [ 1 ] [ (RT 1 1) ]
9480 [ 0 ] [ (DC 0 0) ]
9485 [ 1 ] [ (DC 1 1) ]
9490 [ 1 ] [ (DC 1 1) ]
9496 [ 1 ] [ (RT 1 1) ]
9513 [ 1 ] [ (DC 1 1) ]
9521 [ 1 ] [ (RT 1 1) ]
9523 [ 0 ] [ (DC 0 0) ]
9528 [ 1 ] [ (DC 1 1) ]
9529 [ 1 ] [ (EC 1 1) ]
9535 [ 0 ] [ (EC 0 0) ]
9549 [ 1 ] [ (RT 1 1) ]
9551 [ 0 ] [ (DC 0 0) ]
9556 [ 0 ] [ (DC 0 0) ]
9558 [ 1 ] [ (EC 1 1) ]
9561 [ 1 ] [ (DC 1 1) ]
9564 [ 1 ] [ (EC 1 1) ]
9575 [ 1 ] [ (EC 1 1) ]
9581 [ 0 ] [ (EC 0 0) ]
9587 [ 1 ] [ (EC 1 1) ]
9594 [ 1 ] [ (DC 1 1) ]
9595 [ 1 ] [ (RT 1 1) ]
9599 [ 0 ] [ (DC 0 0) ]
9604 [ 0 ] [ (EC 0 0) ]
9609 [ 1 ] [ (RT 1 1) ]
9627 [ 1 ] [ (DC 1 1) ]
9637 [ 0 ] [ (DC 0 0) ]
9641 [ 0 ] [ (RT 0 0) ]
9644 [ 1 ] [ (EC 1 1) ]
9662 [ 1 ] [ (RT 1 1) ]
9665 [ 1 ] [ (DC 1 1) ]
9667 [ 1 ] [ (EC 1 1) ]
9669 [ 0 ] [ (RT 0 0) ]
9670 [ 0 ] [ (DC 0 0) ]
9673 [ 0 ] [ (EC 0 0) ]
9675 [ 0 ] [ (DC 0 0) ]
9690 [ 1 ] [ (EC 1 1) ]
9694 [ 0 ] [ (RT 0 0) ]
9696 [ 0 ] [ (EC 0 0) ]
9718 [ 1 ] [ (DC 1 1) ]
9725 [ 0 ] [ (EC 0 0) ]
9729 [ 1 ] [ (RT 1 1) ]
9736 [ 1 ] [ (EC 1 1) ]
9746 [ 1 ] [ (DC 1 1) ]
9765 [ 0 ] [ (EC 0 0) ]
9771 [ 1 ] [ (EC 1 1) ]
9774 [ 0 ] [ (DC 0 0) ]
9775 [ 1 ] [ (RT 1 1) ]
9779 [ 0 ] [ (DC 0 0) ]
9782 [ 1 ] [ (RT 1 1) ]
9789 [ 1 ] [ (RT 1 1) ]
9794 [ 1 ] [ (EC 1 1) ]
9822 [ 0 ] [ (DC 0 0) ]
9835 [ 1 ] [ (RT 1 1) ]
9840 [ 0 ] [ (EC 0 0) ]
9849 [ 1 ] [ (RT 1 1) ]
9850 [ 0 ] [ (DC 0 0) ]
9851 [ 0 ] [ (EC 0 0) ]
9857 [ 1 ] [ (EC 1 1) ]
9867 [ 1 ] [ (RT 1 1) ]
9886 [ 0 ] [ (EC 0 0) ]
9888 [ 1 ] [ (RT 1 1) ]
9893 [ 1 ] [ (DC 1 1) ]
9903 [ 1 ] [ (EC 1 1) ]
9909 [ 1 ] [ (EC 1 1) ]
9927 [ 1 ] [ (RT 1 1) ]
9932 [ 1 ] [ (EC 1 1) ]
9941 [ 1 ] [ (RT 1 1) (DC 1 1) ]
9948 [ 1 ] [ (RT 1 1) ]
9955 [ 1 ] [ (RT 1 1) (EC 1 1) ]
9962 [ 1 ] [ (RT 1 1) ]
9969 [ 1 ] [ (DC 1 1) ]
9972 [ 1 ] [ (EC 1 1) ]
9974 [ 1 ] [ (DC 1 1) ]
9979 [ 1 ] [ (DC 1 1) ]
9987 [ 1 ] [ (RT 1 1) ]
9994 [ 1 ] [ (RT 1 1) ]

LINKS (source destination cost)
330 4659 0
1115 3531 0
23 757 0
